0 1
1 0
2 0
2 1
3 0
3 1
4 0
4 1
5 0
5 1
5 2
5 3
6 0
6 1
7 0
7 1
8 0
8 1
8 2
9 0
9 1
10 0
10 1
11 0
11 1
12 0
12 1
13 0
13 1
14 0
14 1
15 0
15 1
15 2
16 0
16 1
16 2
16 3
16 4
17 0
17 1
18 0
18 1
19 0
19 1
20 0
20 1
21 0
21 1
22 0
22 1
22 2
23 0
23 1
24 0
24 1
25 0
25 1
25 2
26 0
26 1
27 0
27 1
28 0
28 1
28 2
29 0
29 1
29 2
29 3
30 0
30 1
31 0
31 1
32 0
32 1
33 0
33 1
34 0
34 1
35 0
35 1
35 2
36 0
36 1
37 0
37 1
37 2
37 3
38 0
38 1
39 0
39 1
40 0
40 1
41 0
41 1
42 0
42 1
43 0
43 1
44 0
44 1
45 0
45 1
46 0
46 1
47 0
47 1
48 0
48 1
49 0
49 1
50 0
50 1
51 0
51 1
51 2
52 0
52 1
53 0
53 1
54 0
54 1
55 0
55 1
56 0
56 1
56 2
56 3
56 4
56 5
56 6
57 0
57 1
58 0
58 1
59 0
59 1
60 0
60 1
61 0
61 1
62 0
62 1
63 0
63 1
64 0
64 1
65 0
65 1
65 2
66 0
66 1
67 0
67 1
68 0
68 1
69 0
69 1
70 0
70 1
71 0
71 1
72 0
72 1
73 0
73 1
74 0
74 1
75 0
75 1
76 0
76 1
76 2
76 3
77 0
77 1
78 0
78 1
78 2
79 0
79 1
80 0
80 1
81 0
81 1
82 0
82 1
83 0
83 1
83 2
84 0
84 1
85 0
85 1
86 0
86 1
87 0
87 1
88 0
88 1
88 2
88 3
88 4
88 5
88 6
89 0
89 1
90 0
90 1
90 2
90 3
90 4
91 0
91 1
92 0
92 1
92 2
92 3
92 4
92 5
92 6
93 0
93 1
94 0
94 1
95 0
95 1
96 0
96 1
97 0
97 1
98 0
98 1
99 0
99 1
100 0
100 1
101 0
101 1
101 2
101 3
101 4
102 0
102 1
103 0
103 1
104 0
104 1
105 0
105 1
106 0
106 1
106 2
106 3
106 4
106 5
107 0
107 1
107 2
108 0
108 1
109 0
109 1
110 0
110 1
111 0
111 1
112 0
112 1
113 0
113 1
114 0
114 1
114 2
115 0
115 1
115 2
116 0
116 1
117 0
117 1
117 2
118 0
118 1
119 0
119 1
119 2
119 3
120 0
120 1
121 0
121 1
122 0
122 1
123 0
123 1
123 2
124 0
124 1
125 0
125 1
126 0
126 1
127 0
127 1
128 0
128 1
128 2
128 3
128 4
129 0
129 1
130 0
130 1
131 0
131 1
131 2
131 3
131 4
131 5
132 0
132 1
133 0
133 1
134 0
134 1
134 2
134 3
135 0
135 1
136 0
136 1
137 0
137 1
138 0
138 1
138 2
138 3
139 0
139 1
140 0
140 1
141 0
141 1
142 0
142 1
143 0
143 1
143 2
144 0
144 1
145 0
145 1
145 2
146 0
146 1
147 0
147 1
148 0
148 1
149 0
149 1
149 2
150 0
150 1
150 2
150 3
150 4
150 5
150 6
150 7
150 8
150 9
150 10
150 11
151 0
151 1
151 2
152 0
152 1
152 2
153 0
153 1
153 2
153 3
154 0
154 1
155 0
155 1
156 0
156 1
156 2
157 0
157 1
158 0
158 1
159 0
159 1
160 0
160 1
161 0
161 1
162 0
162 1
163 0
163 1
164 0
164 1
164 2
164 3
164 4
165 0
165 1
166 0
166 1
167 0
167 1
168 0
168 1
168 2
169 0
169 1
169 2
169 3
170 0
170 1
171 0
171 1
172 0
172 1
173 0
173 1
174 0
174 1
175 0
175 1
175 2
175 3
175 4
175 5
176 0
176 1
176 2
177 0
177 1
178 0
178 1
179 0
179 1
180 0
180 1
181 0
181 1
182 0
182 1
182 2
183 0
183 1
184 0
184 1
185 0
185 1
186 0
186 1
187 0
187 1
187 2
187 3
188 0
188 1
189 0
189 1
190 0
190 1
190 2
190 3
190 4
191 0
191 1
191 2
192 0
192 1
193 0
193 1
194 0
194 1
194 2
194 3
195 0
195 1
195 2
196 0
196 1
196 2
197 0
197 1
198 0
198 1
199 0
199 1
200 0
200 1
201 0
201 1
202 0
202 1
203 0
203 1
203 2
204 0
204 1
205 0
205 1
206 0
206 1
207 0
207 1
208 0
208 1
209 0
209 1
209 2
210 0
210 1
210 2
210 3
210 4
210 5
211 0
211 1
212 0
212 1
213 0
213 1
214 0
214 1
215 0
215 1
216 0
216 1
216 2
217 0
217 1
218 0
218 1
219 0
219 1
220 0
220 1
221 0
221 1
222 0
222 1
222 2
222 3
222 4
223 0
223 1
224 0
224 1
224 2
225 0
225 1
226 0
226 1
227 0
227 1
228 0
228 1
228 2
229 0
229 1
230 0
230 1
231 0
231 1
232 0
232 1
232 2
233 0
233 1
233 2
234 0
234 1
234 2
235 0
235 1
235 2
235 3
236 0
236 1
236 2
236 3
236 4
236 5
236 6
236 7
236 8
237 0
237 1
238 0
238 1
239 0
239 1
239 2
240 0
240 1
241 0
241 1
242 0
242 1
243 0
243 1
244 0
244 1
245 0
245 1
246 0
246 1
247 0
247 1
247 2
248 0
248 1
249 0
249 1
250 0
250 1
251 0
251 1
251 2
252 0
252 1
253 0
253 1
254 0
254 1
254 2
255 0
255 1
255 2
256 0
256 1
257 0
257 1
257 2
257 3
258 0
258 1
259 0
259 1
260 0
260 1
261 0
261 1
261 2
262 0
262 1
262 2
263 0
263 1
264 0
264 1
264 2
265 0
265 1
266 0
266 1
267 0
267 1
268 0
268 1
269 0
269 1
270 0
270 1
270 2
270 3
270 4
271 0
271 1
272 0
272 1
272 2
273 0
273 1
273 2
274 0
274 1
275 0
275 1
276 0
276 1
277 0
277 1
277 2
277 3
278 0
278 1
279 0
279 1
280 0
280 1
281 0
281 1
282 0
282 1
283 0
283 1
284 0
284 1
284 2
285 0
285 1
286 0
286 1
286 2
286 3
286 4
287 0
287 1
288 0
288 1
289 0
289 1
289 2
290 0
290 1
291 0
291 1
291 2
292 0
292 1
293 0
293 1
294 0
294 1
295 0
295 1
296 0
296 1
297 0
297 1
298 0
298 1
299 0
299 1
300 0
300 1
301 0
301 1
302 0
302 1
302 2
303 0
303 1
303 2
303 3
303 4
304 0
304 1
305 0
305 1
306 0
306 1
307 0
307 1
308 0
308 1
308 2
309 0
309 1
310 0
310 1
311 0
311 1
312 0
312 1
313 0
313 1
313 2
314 0
314 1
314 2
314 3
315 0
315 1
315 2
315 3
315 4
315 5
315 6
315 7
315 8
315 9
315 10
315 11
316 0
316 1
317 0
317 1
317 2
318 0
318 1
319 0
319 1
320 0
320 1
321 0
321 1
322 0
322 1
322 2
322 3
323 0
323 1
323 2
324 0
324 1
325 0
325 1
326 0
326 1
326 2
326 3
327 0
327 1
328 0
328 1
329 0
329 1
330 0
330 1
331 0
331 1
332 0
332 1
333 0
333 1
333 2
334 0
334 1
334 2
334 3
335 0
335 1
336 0
336 1
336 2
336 3
337 0
337 1
337 2
337 3
337 4
338 0
338 1
339 0
339 1
340 0
340 1
341 0
341 1
341 2
342 0
342 1
342 2
343 0
343 1
343 2
344 0
344 1
345 0
345 1
346 0
346 1
347 0
347 1
347 2
348 0
348 1
349 0
349 1
349 2
350 0
350 1
351 0
351 1
352 0
352 1
353 0
353 1
354 0
354 1
354 2
355 0
355 1
355 2
356 0
356 1
357 0
357 1
358 0
358 1
358 2
358 3
358 4
359 0
359 1
360 0
360 1
361 0
361 1
361 2
361 3
362 0
362 1
363 0
363 1
363 2
364 0
364 1
364 2
364 3
365 0
365 1
365 2
365 3
366 0
366 1
367 0
367 1
368 0
368 1
369 0
369 1
370 0
370 1
371 0
371 1
372 0
372 1
373 0
373 1
374 0
374 1
375 0
375 1
376 0
376 1
377 0
377 1
377 2
378 0
378 1
379 0
379 1
379 2
380 0
380 1
381 0
381 1
382 0
382 1
383 0
383 1
384 0
384 1
385 0
385 1
386 0
386 1
387 0
387 1
388 0
388 1
389 0
389 1
390 0
390 1
390 2
391 0
391 1
392 0
392 1
392 2
392 3
393 0
393 1
394 0
394 1
395 0
395 1
396 0
396 1
397 0
397 1
398 0
398 1
399 0
399 1
399 2
400 0
400 1
400 2
400 3
401 0
401 1
402 0
402 1
403 0
403 1
404 0
404 1
405 0
405 1
406 0
406 1
407 0
407 1
408 0
408 1
409 0
409 1
410 0
410 1
410 2
410 3
411 0
411 1
412 0
412 1
413 0
413 1
414 0
414 1
415 0
415 1
416 0
416 1
416 2
417 0
417 1
418 0
418 1
419 0
419 1
419 2
419 3
419 4
420 0
420 1
421 0
421 1
422 0
422 1
422 2
423 0
423 1
423 2
424 0
424 1
425 0
425 1
426 0
426 1
427 0
427 1
428 0
428 1
429 0
429 1
429 2
429 3
430 0
430 1
431 0
431 1
431 2
431 3
431 4
431 5
432 0
432 1
433 0
433 1
434 0
434 1
434 2
434 3
434 4
435 0
435 1
435 2
435 3
435 4
435 5
436 0
436 1
437 0
437 1
438 0
438 1
439 0
439 1
440 0
440 1
441 0
441 1
442 0
442 1
443 0
443 1
444 0
444 1
445 0
445 1
446 0
446 1
447 0
447 1
448 0
448 1
448 2
449 0
449 1
450 0
450 1
450 2
451 0
451 1
452 0
452 1
453 0
453 1
454 0
454 1
455 0
455 1
456 0
456 1
457 0
457 1
457 2
458 0
458 1
459 0
459 1
459 2
460 0
460 1
460 2
460 3
461 0
461 1
462 0
462 1
463 0
463 1
463 2
464 0
464 1
465 0
465 1
466 0
466 1
466 2
466 3
466 4
467 0
467 1
468 0
468 1
469 0
469 1
470 0
470 1
471 0
471 1
472 0
472 1
473 0
473 1
473 2
474 0
474 1
475 0
475 1
476 0
476 1
477 0
477 1
478 0
478 1
478 2
478 3
479 0
479 1
480 0
480 1
480 2
480 3
481 0
481 1
481 2
482 0
482 1
483 0
483 1
484 0
484 1
484 2
485 0
485 1
486 0
486 1
487 0
487 1
487 2
487 3
487 4
488 0
488 1
488 2
489 0
489 1
490 0
490 1
491 0
491 1
492 0
492 1
493 0
493 1
494 0
494 1
495 0
495 1
496 0
496 1
497 0
497 1
498 0
498 1
499 0
499 1
499 2
500 0
500 1
501 0
501 1
502 0
502 1
502 2
502 3
502 4
502 5
502 6
502 7
503 0
503 1
504 0
504 1
505 0
505 1
506 0
506 1
507 0
507 1
508 0
508 1
508 2
509 0
509 1
510 0
510 1
511 0
511 1
511 2
512 0
512 1
513 0
513 1
514 0
514 1
515 0
515 1
516 0
516 1
517 0
517 1
517 2
517 3
517 4
518 0
518 1
519 0
519 1
520 0
520 1
520 2
520 3
520 4
521 0
521 1
522 0
522 1
523 0
523 1
523 2
523 3
523 4
523 5
524 0
524 1
524 2
524 3
525 0
525 1
526 0
526 1
526 2
526 3
526 4
526 5
527 0
527 1
528 0
528 1
529 0
529 1
530 0
530 1
531 0
531 1
531 2
531 3
531 4
531 5
531 6
531 7
531 8
531 9
531 10
531 11
531 12
531 13
531 14
531 15
531 16
531 17
532 0
532 1
533 0
533 1
534 0
534 1
535 0
535 1
536 0
536 1
536 2
537 0
537 1
538 0
538 1
539 0
539 1
540 0
540 1
540 2
541 0
541 1
542 0
542 1
543 0
543 1
544 0
544 1
545 0
545 1
546 0
546 1
547 0
547 1
547 2
547 3
547 4
547 5
547 6
548 0
548 1
549 0
549 1
550 0
550 1
551 0
551 1
552 0
552 1
552 2
552 3
552 4
552 5
552 6
552 7
552 8
552 9
552 10
552 11
552 12
552 13
553 0
553 1
553 2
553 3
553 4
554 0
554 1
554 2
555 0
555 1
556 0
556 1
556 2
556 3
556 4
556 5
556 6
557 0
557 1
558 0
558 1
559 0
559 1
559 2
560 0
560 1
560 2
560 3
560 4
561 0
561 1
561 2
561 3
561 4
561 5
561 6
561 7
562 0
562 1
562 2
562 3
562 4
563 0
563 1
563 2
563 3
564 0
564 1
565 0
565 1
566 0
566 1
567 0
567 1
568 0
568 1
569 0
569 1
569 2
569 3
569 4
569 5
569 6
569 7
569 8
569 9
569 10
569 11
569 12
569 13
570 0
570 1
570 2
571 0
571 1
571 2
571 3
572 0
572 1
573 0
573 1
574 0
574 1
575 0
575 1
576 0
576 1
576 2
576 3
577 0
577 1
578 0
578 1
578 2
579 0
579 1
580 0
580 1
581 0
581 1
581 2
581 3
582 0
582 1
582 2
582 3
582 4
583 0
583 1
583 2
584 0
584 1
585 0
585 1
586 0
586 1
587 0
587 1
588 0
588 1
589 0
589 1
590 0
590 1
591 0
591 1
592 0
592 1
593 0
593 1
594 0
594 1
594 2
595 0
595 1
595 2
596 0
596 1
597 0
597 1
598 0
599 0
599 1
600 0
600 1
600 2
601 0
601 1
602 0
602 1
603 0
603 1
604 0
604 1
605 0
605 1
606 0
606 1
606 2
606 3
606 4
606 5
607 0
607 1
607 2
608 0
608 1
609 0
609 1
610 0
610 1
610 2
611 0
611 1
612 0
612 1
613 0
613 1
614 0
614 1
614 2
615 0
615 1
616 0
616 1
616 2
616 3
616 4
616 5
617 0
617 1
617 2
618 0
618 1
619 0
619 1
619 2
620 0
620 1
621 0
621 1
621 2
621 3
622 0
622 1
623 0
623 1
624 0
624 1
625 0
625 1
626 0
626 1
627 0
627 1
628 0
628 1
629 0
629 1
630 0
630 1
630 2
631 0
631 1
632 0
632 1
633 0
633 1
633 2
634 0
634 1
635 0
635 1
636 0
636 1
637 0
637 1
637 2
638 0
638 1
639 0
639 1
640 0
640 1
640 2
641 0
641 1
641 2
641 3
642 0
642 1
643 0
643 1
643 2
644 0
644 1
644 2
645 0
645 1
645 2
645 3
645 4
645 5
646 0
646 1
647 0
647 1
647 2
648 0
648 1
648 2
649 0
649 1
650 0
650 1
651 0
651 1
652 0
652 1
653 0
653 1
654 0
654 1
655 0
655 1
656 0
656 1
657 0
657 1
658 0
658 1
659 0
659 1
660 0
660 1
660 2
661 0
661 1
661 2
662 0
662 1
663 0
663 1
664 0
664 1
665 0
665 1
666 0
666 1
666 2
666 3
666 4
666 5
666 6
666 7
666 8
666 9
666 10
666 11
666 12
666 13
666 14
667 0
667 1
667 2
668 0
668 1
669 0
669 1
669 2
670 0
670 1
670 2
671 0
671 1
672 0
672 1
673 0
673 1
674 0
674 1
675 0
675 1
676 0
676 1
676 2
677 0
677 1
678 0
678 1
678 2
679 0
679 1
680 0
680 1
680 2
680 3
680 4
681 0
681 1
682 0
682 1
683 0
683 1
684 0
684 1
685 0
685 1
685 2
686 0
686 1
686 2
686 3
686 4
687 0
687 1
688 0
688 1
689 0
689 1
690 0
690 1
691 0
691 1
691 2
691 3
692 0
692 1
692 2
693 0
693 1
693 2
694 0
694 1
695 0
695 1
695 2
696 0
696 1
696 2
697 0
697 1
698 0
698 1
698 2
699 0
699 1
700 0
700 1
701 0
701 1
701 2
702 0
702 1
702 2
702 3
703 0
703 1
704 0
704 1
704 2
704 3
704 4
704 5
704 6
705 0
705 1
705 2
705 3
706 0
706 1
707 0
707 1
708 0
708 1
708 2
709 0
709 1
710 0
710 1
711 0
711 1
712 0
712 1
713 0
713 1
713 2
714 0
714 1
714 2
715 0
715 1
716 0
716 1
717 0
717 1
718 0
718 1
718 2
719 0
719 1
720 0
720 1
720 2
721 0
721 1
722 0
722 1
722 2
722 3
723 0
723 1
724 0
724 1
725 0
725 1
726 0
726 1
727 0
727 1
728 0
728 1
729 0
729 1
730 0
730 1
731 0
731 1
732 0
732 1
733 0
733 1
734 0
734 1
735 0
735 1
736 0
736 1
736 2
737 0
737 1
738 0
738 1
739 0
739 1
740 0
740 1
741 0
741 1
742 0
742 1
743 0
743 1
744 0
744 1
744 2
744 3
745 0
745 1
745 2
745 3
746 0
746 1
746 2
747 0
747 1
748 0
748 1
748 2
749 0
749 1
749 2
749 3
750 0
750 1
751 0
751 1
752 0
752 1
752 2
752 3
752 4
752 5
752 6
752 7
752 8
752 9
752 10
753 0
753 1
754 0
754 1
755 0
755 1
755 2
756 0
756 1
757 0
757 1
758 0
758 1
758 2
759 0
759 1
760 0
760 1
761 0
761 1
761 2
762 0
762 1
762 2
763 0
763 1
763 2
763 3
763 4
763 5
763 6
763 7
763 8
763 9
763 10
764 0
764 1
764 2
765 0
765 1
766 0
766 1
766 2
767 0
767 1
767 2
767 3
768 0
768 1
768 2
769 0
769 1
769 2
770 0
770 1
771 0
771 1
772 0
772 1
773 0
773 1
773 2
773 3
774 0
774 1
775 0
775 1
775 2
775 3
776 0
776 1
776 2
777 0
777 1
778 0
778 1
778 2
779 0
779 1
780 0
780 1
781 0
781 1
782 0
782 1
783 0
783 1
783 2
784 0
784 1
785 0
785 1
786 0
786 1
787 0
787 1
788 0
788 1
789 0
789 1
789 2
789 3
790 0
790 1
790 2
791 0
791 1
792 0
792 1
793 0
793 1
794 0
794 1
795 0
795 1
795 2
796 0
796 1
797 0
797 1
797 2
798 0
798 1
799 0
799 1
800 0
800 1
801 0
801 1
802 0
802 1
803 0
803 1
804 0
804 1
805 0
805 1
806 0
806 1
807 0
807 1
808 0
808 1
809 0
809 1
810 0
810 1
810 2
810 3
811 0
811 1
812 0
812 1
813 0
813 1
814 0
814 1
815 0
815 1
816 0
816 1
817 0
817 1
818 0
818 1
818 2
818 3
818 4
819 0
819 1
819 2
820 0
820 1
820 2
821 0
821 1
822 0
822 1
823 0
823 1
824 0
824 1
825 0
825 1
826 0
826 1
827 0
827 1
828 0
828 1
829 0
829 1
830 0
830 1
830 2
831 0
831 1
831 2
831 3
831 4
832 0
832 1
833 0
833 1
833 2
834 0
834 1
835 0
835 1
835 2
836 0
836 1
837 0
837 1
838 0
838 1
839 0
839 1
840 0
840 1
840 2
841 0
841 1
842 0
842 1
842 2
843 0
843 1
843 2
843 3
843 4
843 5
843 6
843 7
843 8
844 0
844 1
845 0
845 1
846 0
846 1
847 0
847 1
847 2
848 0
848 1
849 0
849 1
850 0
850 1
850 2
851 0
851 1
851 2
852 0
852 1
853 0
853 1
854 0
854 1
855 0
855 1
855 2
855 3
856 0
856 1
857 0
857 1
858 0
858 1
859 0
859 1
860 0
860 1
861 0
861 1
861 2
862 0
862 1
863 0
863 1
864 0
864 1
864 2
865 0
865 1
865 2
866 0
866 1
867 0
867 1
868 0
868 1
869 0
869 1
870 0
870 1
871 0
871 1
872 0
872 1
873 0
873 1
874 0
874 1
875 0
875 1
875 2
876 0
876 1
876 2
876 3
876 4
877 0
877 1
878 0
878 1
878 2
879 0
879 1
880 0
880 1
881 0
881 1
882 0
882 1
882 2
882 3
883 0
883 1
884 0
884 1
885 0
885 1
886 0
886 1
886 2
887 0
887 1
888 0
888 1
889 0
889 1
890 0
890 1
890 2
890 3
891 0
891 1
892 0
892 1
892 2
893 0
893 1
894 0
894 1
895 0
895 1
896 0
896 1
897 0
897 1
898 0
898 1
899 0
899 1
899 2
899 3
900 0
900 1
901 0
901 1
902 0
902 1
903 0
903 1
904 0
904 1
905 0
905 1
906 0
906 1
907 0
907 1
908 0
908 1
909 0
909 1
910 0
910 1
910 2
911 0
911 1
911 2
912 0
912 1
912 2
913 0
913 1
913 2
914 0
914 1
915 0
915 1
915 2
915 3
916 0
916 1
917 0
917 1
918 0
918 1
919 0
919 1
920 0
920 1
920 2
921 0
921 1
921 2
922 0
922 1
923 0
923 1
924 0
924 1
925 0
925 1
925 2
926 0
926 1
926 2
927 0
927 1
928 0
928 1
929 0
929 1
929 2
930 0
930 1
931 0
931 1
932 0
932 1
932 2
933 0
933 1
933 2
934 0
934 1
934 2
935 0
935 1
936 0
936 1
937 0
937 1
938 0
938 1
939 0
939 1
940 0
940 1
941 0
941 1
941 2
942 0
942 1
943 0
943 1
944 0
944 1
945 0
945 1
946 0
946 1
947 0
947 1
948 0
948 1
949 0
949 1
949 2
950 0
950 1
951 0
951 1
952 0
952 1
953 0
953 1
953 2
953 3
954 0
954 1
955 0
955 1
956 0
956 1
957 0
957 1
957 2
958 0
958 1
959 0
959 1
960 0
960 1
961 0
961 1
961 2
962 0
962 1
963 0
963 1
964 0
964 1
965 0
965 1
965 2
965 3
966 0
966 1
966 2
967 0
967 1
968 0
968 1
968 2
968 3
968 4
968 5
969 0
969 1
970 0
970 1
971 0
971 1
972 0
972 1
972 2
973 0
973 1
974 0
974 1
975 0
975 1
976 0
976 1
977 0
977 1
978 0
978 1
978 2
979 0
979 1
980 0
980 1
981 0
981 1
982 0
982 1
982 2
982 3
983 0
983 1
984 0
984 1
985 0
985 1
986 0
986 1
987 0
987 1
988 0
988 1
989 0
989 1
990 0
990 1
991 0
991 1
992 0
992 1
993 0
993 1
993 2
993 3
994 0
994 1
995 0
995 1
995 2
995 3
996 0
996 1
997 0
997 1
998 0
998 1
999 0
999 1
1000 0
1000 1
1001 0
1001 1
1002 0
1002 1
1003 0
1003 1
1003 2
1004 0
1004 1
1005 0
1005 1
1005 2
1006 0
1006 1
1007 0
1007 1
1008 0
1008 1
1009 0
1009 1
1010 0
1010 1
1011 0
1011 1
1012 0
1012 1
1012 2
1013 0
1013 1
1014 0
1014 1
1015 0
1015 1
1016 0
1016 1
1017 0
1017 1
1018 0
1018 1
1019 0
1019 1
1020 0
1020 1
1021 0
1021 1
1022 0
1022 1
1023 0
1023 1
1024 0
1024 1
1025 0
1025 1
1026 0
1026 1
1027 0
1027 1
1028 0
1028 1
1029 0
1029 1
1030 0
1030 1
1031 0
1031 1
1032 0
1032 1
1033 0
1033 1
1034 0
1034 1
1035 0
1035 1
1036 0
1036 1
1037 0
1037 1
1038 0
1038 1
1039 0
1039 1
1040 0
1040 1
1041 0
1041 1
1042 0
1042 1
1043 0
1043 1
1044 0
1044 1
1045 0
1045 1
1046 0
1046 1
1047 0
1047 1
1048 0
1048 1
1049 0
1049 1
1049 2
1050 0
1050 1
1051 0
1051 1
1052 0
1052 1
1053 0
1053 1
1053 2
1053 3
1054 0
1054 1
1055 0
1055 1
1056 0
1056 1
1057 0
1057 1
1058 0
1058 1
1058 2
1059 0
1059 1
1060 0
1060 1
1061 0
1061 1
1062 0
1062 1
1063 0
1063 1
1063 2
1064 0
1064 1
1065 0
1065 1
1065 2
1066 0
1066 1
1067 0
1067 1
1068 0
1068 1
1069 0
1069 1
1070 0
1070 1
1071 0
1071 1
1071 2
1072 0
1072 1
1073 0
1073 1
1074 0
1074 1
1075 0
1075 1
1076 0
1076 1
1076 2
1077 0
1077 1
1078 0
1078 1
1079 0
1079 1
1080 0
1080 1
1081 0
1081 1
1082 0
1082 1
1083 0
1083 1
1084 0
1084 1
1085 0
1085 1
1086 0
1086 1
1087 0
1087 1
1088 0
1088 1
1089 0
1089 1
1090 0
1090 1
1091 0
1091 1
1092 0
1092 1
1092 2
1092 3
1093 0
1093 1
1094 0
1094 1
1095 0
1095 1