2 1
3 1
4 1
5 1
6 1
776 2
777 2
778 2
779 2
780 2
5 3
6 3
113 3
115 3
1999 4
2000 4
6 5
113 5
114 5
115 5
114 6
779 6
780 6
8 7
9 7
10 7
11 7
9 8
10 8
2511 8
2513 8
2514 8
2515 8
3000 8
3001 8
11 9
1215 9
1469 9
2952 9
3001 9
920 10
2515 10
2859 10
1760 11
4124 11
13 12
14 12
15 12
16 12
1754 13
2674 13
15 14
16 14
2510 14
2690 14
16 15
213 15
214 15
2510 15
214 16
18 17
19 17
21 17
22 17
23 17
3453 17
3454 17
3669 17
19 18
20 18
21 18
22 18
23 18
24 18
25 18
26 18
27 18
20 19
24 19
1582 19
1835 19
23 20
24 20
1581 20
1582 20
1583 20
22 21
23 21
26 21
3454 21
3669 21
23 22
26 22
3669 22
25 23
26 23
27 23
27 24
1581 24
1582 24
26 25
27 25
2252 25
2253 25
27 26
2252 26
1583 27
2252 27
2253 27
2254 27
2255 27
29 28
30 28
31 28
32 28
33 28
30 29
1596 29
1597 29
1598 29
33 30
966 30
1598 30
32 31
451 31
452 31
454 31
33 32
451 32
452 32
968 32
3611 32
452 33
35 34
674 34
675 34
36 35
37 35
674 36
3322 36
3526 36
3322 37
3526 37
39 38
40 38
2224 38
40 39
262 40
42 41
2595 41
2698 41
3887 41
43 42
2595 43
2933 43
3885 43
45 44
46 44
47 44
48 44
49 44
50 44
46 45
47 45
604 45
605 45
606 45
49 46
604 46
2394 46
2396 46
50 47
605 47
606 47
2415 47
49 48
50 48
761 48
2733 48
3323 48
761 49
2396 49
3323 49
3324 49
2415 50
2733 50
52 51
53 51
2114 51
3843 51
53 52
54 52
54 53
1961 53
3248 53
1961 54
56 55
57 55
58 55
59 55
60 55
57 56
167 56
1311 56
1312 56
1314 56
1312 57
1315 57
3095 57
3689 57
3881 57
59 58
60 58
167 58
168 58
170 58
948 58
1314 58
169 59
1356 59
3095 59
948 60
950 60
951 60
1314 60
1315 60
62 61
63 61
66 61
67 61
68 61
63 62
64 62
65 62
66 62
67 62
68 62
64 63
65 63
67 63
68 63
66 64
1643 64
1644 64
1645 64
2402 64
2403 64
3990 64
2404 65
3668 65
67 66
1266 66
1267 66
1645 66
68 67
1266 67
1267 67
1268 67
1268 68
70 69
71 69
72 69
73 69
3034 69
3367 69
71 70
72 70
73 70
74 70
75 70
72 71
73 71
74 71
75 71
73 72
74 72
1744 72
3034 72
3074 72
74 73
3034 73
3074 73
75 74
1360 75
1361 75
1362 75
77 76
78 76
79 76
80 76
81 76
78 77
2490 77
3231 77
81 78
80 79
848 79
1979 79
1980 79
3186 79
1979 80
1980 80
1981 80
2095 80
3186 80
2562 81
3231 81
3232 81
83 82
84 82
85 82
1016 82
1018 82
1734 82
1735 82
84 83
85 83
85 84
86 84
87 84
1734 85
1735 85
87 86
306 86
1130 86
2752 86
1130 87
2752 87
2754 87
89 88
90 88
91 88
92 88
93 88
94 88
90 89
91 89
92 89
1504 89
91 90
92 90
93 90
551 90
92 91
94 91
3150 91
3778 91
93 92
551 92
552 92
1504 92
94 93
551 93
552 93
553 93
554 93
555 93
555 94
1806 94
1807 94
3149 94
3302 94
96 95
97 95
1533 95
1534 95
97 96
98 96
99 96
100 96
98 97
99 97
100 97
3705 97
3826 97
99 98
100 98
3705 98
3826 98
3705 99
3826 99
3827 99
1533 100
1534 100
102 101
103 101
214 101
1420 101
103 102
104 102
1637 103
4088 103
2107 104
2108 104
2110 104
3071 104
106 105
107 105
108 105
109 105
110 105
111 105
112 105
108 106
109 106
110 106
527 106
530 106
531 106
111 107
112 107
1007 107
1008 107
109 108
110 108
111 108
112 108
110 109
530 109
2080 109
112 110
531 110
112 111
1767 112
114 113
1574 113
1575 113
1578 113
115 114
1575 115
117 116
118 116
119 116
120 116
118 117
119 117
870 117
871 117
872 117
873 117
240 118
241 118
243 118
872 118
873 119
1473 119
1584 119
1585 119
3179 119
771 120
772 120
775 120
2689 120
122 121
123 121
124 121
126 121
123 122
124 122
125 122
126 122
127 122
124 123
125 123
2127 123
2128 123
3091 123
125 124
126 124
2127 124
3091 124
1484 125
2127 125
2128 125
3091 126
1158 127
1160 127
1161 127
1162 127
3236 127
129 128
923 128
130 129
131 129
132 129
131 130
132 130
955 130
956 130
132 131
955 131
956 131
955 132
956 132
2716 132
134 133
135 133
136 133
137 133
138 133
135 134
2357 134
2789 134
3127 134
3131 134
138 135
2357 135
3131 135
2270 136
2271 136
3289 136
138 137
2358 137
3289 137
3846 137
3847 137
3848 137
2358 138
140 139
141 139
142 139
1480 139
2470 139
141 140
142 140
143 140
144 140
142 141
989 141
990 141
1480 141
143 142
989 142
990 142
991 142
991 143
1531 143
1779 144
1780 144
3238 144
3239 144
3523 144
3524 144
146 145
1803 145
2517 145
2738 145
147 146
1802 147
1803 147
1804 147
149 148
150 148
151 148
150 149
384 149
386 149
1681 149
380 150
381 150
382 150
383 150
384 150
385 150
386 150
1763 151
153 152
154 152
155 152
744 153
3817 153
3880 153
155 154
2809 154
157 156
158 156
159 156
161 156
162 156
162 157
2736 157
3366 157
159 158
160 158
161 158
162 158
2087 158
2088 158
2090 158
160 159
161 159
162 159
2087 160
2088 160
2090 160
162 161
2090 161
3366 162
164 163
166 163
2003 163
165 164
166 164
2062 165
2063 165
957 166
959 166
2003 166
2005 166
2062 166
168 167
170 167
169 168
170 168
171 168
172 168
171 169
1314 170
172 171
3395 172
174 173
2492 173
3075 173
3076 173
175 174
176 174
3076 175
3520 175
2641 176
2642 176
3520 176
178 177
179 177
182 177
183 177
1269 177
1270 177
1272 177
179 178
180 178
181 178
182 178
183 178
184 178
185 178
186 178
182 179
183 179
1270 179
1272 179
3004 179
181 180
183 180
793 180
794 180
795 180
796 180
1270 180
184 181
795 181
796 181
2719 181
2721 181
183 182
185 182
186 182
185 183
1270 183
1272 183
186 184
795 184
796 184
2719 184
2721 184
2948 184
186 185
1175 186
2736 186
188 187
189 187
190 187
191 187
189 188
2313 188
3284 188
3490 188
190 189
2312 189
2433 189
556 190
557 190
2433 190
558 191
3261 191
3284 191
3285 191
193 192
194 192
195 192
196 192
194 193
195 193
1197 193
2983 193
195 194
196 194
456 194
1197 194
1006 195
2983 195
3903 195
1376 196
1690 196
1693 196
198 197
200 197
201 197
541 197
199 198
200 198
201 198
202 198
200 199
541 199
624 199
2211 199
201 200
202 200
541 200
2211 200
202 201
1235 201
1235 202
3668 202
204 203
205 203
207 203
208 203
645 203
205 204
206 204
207 204
209 204
645 205
1066 205
2531 205
1065 206
1066 206
1067 206
208 207
434 207
435 207
645 207
647 207
645 208
646 208
647 208
648 208
434 209
211 210
2220 210
212 211
2939 212
4075 212
214 213
1420 213
2510 213
216 215
217 215
1105 215
3441 215
3708 215
3709 215
4037 215
217 216
218 216
219 216
219 217
3441 217
3708 217
3709 217
1554 218
1558 218
3708 219
3709 219
3969 219
221 220
222 220
223 220
842 221
843 221
847 221
1073 221
1074 221
1073 222
1074 222
1318 223
1319 223
1320 223
225 224
562 224
618 224
755 224
226 225
227 225
228 225
229 225
227 226
562 226
566 226
228 227
560 227
562 227
563 227
566 227
566 228
3304 228
3305 228
3306 228
3307 228
3308 228
3925 228
757 229
3229 229
3304 229
3305 229
3306 229
3700 229
231 230
232 230
233 230
233 231
2048 231
2049 231
2050 231
994 232
235 234
236 234
237 234
980 234
982 234
236 235
237 235
238 235
239 235
237 236
239 236
980 236
981 236
982 236
239 237
239 238
492 238
493 238
494 238
495 238
496 238
494 239
495 239
496 239
241 240
242 240
243 240
242 241
872 241
2689 241
2322 242
2984 242
3787 242
2439 243
3202 243
245 244
247 244
248 244
3014 244
246 245
247 245
248 245
249 245
247 246
249 246
3250 246
248 247
249 247
3014 247
2168 249
3268 249
3269 249
251 250
252 250
1882 250
2767 250
2768 250
252 251
253 251
254 251
255 251
253 252
2055 252
2768 252
3276 252
3277 252
3440 252
254 253
2055 253
2056 253
3439 253
3440 253
255 254
1177 254
2336 254
2337 254
1176 255
1177 255
257 256
258 256
259 256
260 256
261 256
258 257
602 257
603 257
3278 257
3279 257
260 258
261 258
602 258
260 259
261 259
663 259
665 259
3259 259
261 260
665 260
529 262
2467 262
264 263
265 263
266 263
267 263
266 264
267 264
1097 264
266 265
267 265
3124 265
3125 265
3126 265
267 266
3126 266
3126 267
269 268
271 268
634 269
271 270
3471 270
3472 270
273 272
274 272
2180 272
2818 272
2819 272
3979 272
274 273
275 273
275 274
2180 274
3619 274
3979 274
4011 274
3619 275
3620 275
3621 275
277 276
278 276
279 276
280 276
281 276
282 276
283 276
280 277
2901 277
3068 277
3069 277
3791 277
3792 277
3994 277
280 278
281 278
282 278
283 278
1109 278
2901 278
2902 278
1755 279
1756 279
1757 279
1758 279
2071 279
3664 279
3791 279
3792 279
281 280
2901 280
2902 280
3627 280
2901 281
2902 281
283 282
2071 282
2076 282
3664 282
2071 283
3664 283
285 284
286 284
287 284
3212 284
3438 284
286 285
287 285
288 285
287 286
3212 286
3212 287
3213 287
3443 288
3726 288
290 289
291 289
292 289
293 289
291 290
1797 290
292 291
1117 291
1118 291
1797 291
2327 292
2064 293
2066 293
2328 293
3716 293
3717 293
295 294
296 294
4113 294
296 295
297 295
857 297
858 297
2891 297
299 298
301 298
874 298
4123 298
300 299
301 299
302 299
875 300
1321 300
1322 300
1323 300
874 301
875 301
876 301
877 301
878 301
943 302
945 302
1322 302
1323 302
304 303
2217 303
2218 303
2219 303
305 304
306 304
306 305
1777 305
2139 305
2769 305
2752 306
2753 306
2769 306
308 307
309 307
310 307
309 308
310 308
625 308
3486 308
3488 308
3988 308
3988 309
1033 310
1034 310
1035 310
1036 310
312 311
313 311
314 311
313 312
314 312
2966 312
3712 312
314 313
2503 313
2504 313
2506 313
2966 313
3223 314
316 315
322 315
691 315
692 315
1183 315
317 316
318 316
319 316
320 316
321 316
322 316
318 317
3747 317
3922 317
320 318
3085 318
3086 318
1193 319
322 320
2849 320
3085 320
322 321
692 321
1183 321
1184 321
3155 321
1183 322
1185 322
2849 322
3155 322
324 323
325 323
326 323
327 323
328 323
329 323
330 323
325 324
326 324
328 324
3133 324
3135 324
326 325
3133 325
3135 325
327 326
328 326
3133 326
3134 326
3135 326
328 327
329 327
4039 327
329 328
330 328
1403 328
1958 328
1958 329
3288 329
1401 330
1403 330
1404 330
1405 330
1958 330
3412 330
332 331
2526 331
2528 331
4119 331
333 332
334 332
335 332
336 332
337 332
334 333
335 333
336 333
337 333
338 333
335 334
337 334
1444 335
337 336
338 336
1117 336
1118 336
338 337
1118 337
1807 337
1117 338
1118 338
340 339
341 339
342 339
2021 339
2822 339
4035 339
4036 339
341 340
342 340
343 340
344 340
342 341
344 341
345 341
344 342
1699 342
4035 342
4036 342
2407 343
2409 343
3280 343
345 344
2132 345
347 346
348 346
2243 346
3105 346
3106 346
348 347
349 347
350 347
351 347
349 348
350 348
351 348
828 349
2675 349
3583 349
1027 350
1974 350
2997 350
3106 350
3632 350
543 351
544 351
2675 351
2998 351
2999 351
353 352
354 352
355 352
356 352
354 353
355 353
3744 353
355 354
356 354
1541 354
1542 354
2468 354
356 355
1541 355
1542 355
1541 356
1542 356
2799 356
358 357
400 357
401 357
403 357
404 357
1156 357
359 358
360 358
361 358
362 358
363 358
360 359
1836 359
1837 359
1838 359
1839 359
361 360
362 360
363 360
1836 360
1837 360
362 361
363 361
1836 361
363 362
2912 362
2912 363
3356 363
365 364
366 364
367 364
368 364
369 364
370 364
371 364
366 365
368 365
717 365
2162 365
2165 365
3123 365
2162 366
3783 366
4058 366
1442 367
2987 367
3783 367
369 368
717 368
3004 369
3006 369
371 370
1144 370
1442 370
1174 371
1175 371
1442 371
373 372
374 372
375 372
376 372
377 372
378 372
379 372
374 373
1025 373
1026 373
1283 373
375 374
377 374
480 374
1283 374
376 375
1117 375
2669 375
379 376
2669 376
3565 376
4005 376
480 377
2327 377
379 378
4005 379
381 380
383 380
384 380
385 380
383 381
384 381
385 381
2203 381
2205 381
383 382
384 382
386 382
384 383
386 383
385 384
386 384
2205 385
2206 385
1681 386
388 387
391 387
4079 387
389 388
390 388
391 388
390 389
612 389
613 389
614 389
391 390
1814 391
1815 391
3757 391
4079 391
393 392
394 392
395 392
397 392
3242 392
3511 392
394 393
396 393
397 393
398 393
399 393
395 394
2277 394
3616 394
3788 394
2277 395
3348 395
3352 395
397 396
398 396
3242 397
399 398
975 398
972 399
975 399
3557 399
3788 399
401 400
402 400
403 400
404 400
405 400
406 400
403 401
404 401
1156 401
403 402
404 402
405 402
406 402
1036 402
3273 402
404 403
605 403
1156 403
405 404
406 405
1036 405
3260 405
3273 405
759 406
3260 406
3272 406
3273 406
408 407
409 407
410 407
4040 407
4041 407
4105 407
409 408
410 408
410 409
4040 409
4041 409
3625 410
3626 410
3649 410
412 411
414 411
415 411
955 411
956 411
2716 411
413 412
414 412
415 412
416 412
417 412
418 412
414 413
415 413
417 413
418 413
415 414
956 414
2716 414
417 415
2716 415
418 416
1133 416
1134 416
1135 416
1138 416
4051 417
1135 418
1139 418
4013 418
4051 418
420 419
421 419
422 419
423 419
425 419
426 419
421 420
422 420
1204 420
2750 420
2751 420
424 421
425 421
426 421
423 422
1204 422
1338 422
426 423
443 423
2954 423
425 424
1082 424
426 425
444 425
1081 425
1341 425
1345 425
443 426
444 426
428 427
429 427
430 427
431 427
432 427
2647 427
429 428
430 428
431 428
432 428
433 428
430 429
432 429
2647 429
3094 429
432 430
433 430
3094 430
433 431
2159 431
433 432
435 434
436 434
647 435
646 436
2718 436
3512 436
3513 436
438 437
439 437
440 437
441 437
442 437
439 438
442 438
741 438
742 438
743 438
744 438
745 438
440 439
441 439
442 439
2274 439
441 440
442 440
2274 441
3072 441
3512 441
3514 441
444 443
2955 443
3254 443
1086 444
2046 444
2692 444
3028 444
3254 444
446 445
447 445
448 445
449 445
450 445
447 446
1040 446
1960 446
448 447
449 447
449 448
2320 448
1231 449
1039 450
1040 450
1043 450
1231 450
452 451
453 451
454 451
455 451
456 451
453 452
454 452
2628 452
454 453
456 453
2594 453
2628 453
2932 453
2933 453
456 454
2932 454
995 455
996 455
997 455
998 455
3713 455
3714 455
1197 456
2628 456
2630 456
2932 456
2933 456
458 457
459 457
460 457
1263 457
3888 457
459 458
460 458
461 458
462 458
463 458
460 459
462 459
1263 459
461 460
462 460
463 460
1338 460
1203 461
1338 461
1263 462
1264 462
1265 462
1338 463
1702 463
2953 463
465 464
466 464
1260 464
1261 464
1262 464
2649 464
466 465
467 465
468 465
469 465
1260 466
2649 466
468 467
469 467
487 467
489 467
490 467
1202 467
469 468
1202 468
489 469
1202 469
471 470
472 470
2657 470
3013 470
3076 470
472 471
473 471
474 471
474 472
3013 472
3507 472
474 473
2121 473
2123 473
3520 473
2123 474
2264 474
3057 474
3188 474
476 475
477 475
1274 475
1275 475
477 476
478 476
479 476
478 477
3759 477
1505 478
3759 478
1022 479
1504 479
1505 479
1506 479
481 480
482 480
483 480
483 481
2324 481
2327 481
483 482
2232 482
2233 482
2233 483
2323 483
485 484
486 484
811 484
3771 484
3772 484
3779 484
486 485
811 486
812 486
813 486
488 487
489 487
490 487
491 487
1202 487
489 488
490 488
491 488
490 489
491 489
1202 489
1471 489
3566 489
491 490
1202 490
1471 490
3566 490
3829 490
1471 491
3566 491
493 492
494 492
3517 492
3518 492
3519 492
494 493
495 494
496 494
496 495
498 497
499 497
500 497
3643 497
3644 497
499 498
500 498
501 498
502 498
503 498
504 498
500 499
501 499
3644 499
501 500
503 500
3644 500
503 501
504 501
4087 501
504 502
3161 502
3162 502
3163 502
4087 502
504 503
4087 503
4087 504
506 505
507 505
508 505
510 505
507 506
508 506
510 506
508 507
509 507
510 507
709 508
710 508
1275 509
1891 509
1892 509
1893 509
1894 509
711 510
512 511
513 511
514 511
515 511
516 511
517 511
513 512
615 512
616 512
617 512
1364 512
515 513
1364 513
1364 514
1520 514
1736 514
3479 514
516 515
2311 515
2312 515
2311 516
2312 516
2313 516
2313 517
3316 517
3317 517
3479 517
519 518
520 518
521 518
522 518
1178 519
2131 519
2633 519
2114 520
2115 520
2116 520
2117 520
1490 521
2115 521
4067 521
1486 522
1487 522
1488 522
1801 522
524 523
525 523
526 523
527 523
528 523
529 523
530 523
531 523
525 524
526 524
528 524
529 524
2224 524
526 525
529 525
814 525
815 525
529 526
814 526
815 526
816 526
528 527
530 527
530 528
531 528
3334 528
531 530
533 532
534 532
3844 533
3037 534
536 535
537 535
538 535
1006 535
1008 535
537 536
538 536
539 536
540 536
538 537
1536 538
1663 539
1664 539
1665 539
1666 539
1851 539
2691 539
1535 540
1538 540
1539 540
1666 540
622 541
624 541
2211 541
543 542
544 542
545 542
546 542
547 542
544 543
2997 543
2998 543
2999 543
2675 544
2998 544
2999 544
546 545
1305 545
3874 545
4050 545
547 546
3658 546
3875 546
4050 546
1028 547
1029 547
2999 547
549 548
550 548
550 549
2188 549
3214 550
3219 550
4053 550
552 551
553 551
1643 551
554 552
1643 552
1645 552
555 553
1266 553
1267 553
1645 553
1807 553
3302 553
3303 553
1643 554
1644 554
1645 554
3990 554
1806 555
1807 555
557 556
558 556
559 556
558 557
559 557
3261 558
3014 559
561 560
562 560
563 560
564 560
565 560
566 560
563 561
564 561
565 561
1936 561
3207 561
563 562
566 562
618 562
564 563
565 563
566 563
565 564
1936 564
566 565
1936 565
1937 565
568 567
569 567
570 567
571 567
572 567
573 567
574 567
575 567
569 568
570 568
571 568
572 568
4073 568
570 569
571 569
4073 569
573 570
4073 570
572 571
573 571
575 571
575 572
3834 572
574 573
2019 573
2104 573
2019 574
2104 574
2105 574
2106 574
577 576
578 576
580 576
2784 576
2786 576
2788 576
578 577
579 577
580 577
581 577
582 577
583 577
579 578
594 578
581 579
594 579
1069 579
826 580
827 580
1140 580
582 581
1324 581
1993 582
1995 582
1997 582
825 583
827 583
828 583
1324 583
585 584
586 584
587 584
1459 584
586 585
587 585
588 585
587 586
2317 586
588 587
3172 587
3173 587
3175 587
2440 588
3172 588
3175 588
590 589
591 589
592 589
1669 589
1672 589
3782 589
591 590
592 590
694 591
1672 591
3782 591
1668 592
1669 592
1671 592
1672 592
594 593
595 593
2406 593
2512 593
3216 593
3217 593
3218 593
595 594
596 594
596 595
2405 595
2406 595
2405 596
2406 596
3080 596
598 597
599 597
699 597
3560 597
599 598
600 598
601 598
600 599
601 599
1166 599
1169 600
1862 600
1863 600
1864 600
1166 601
1169 601
603 602
3278 603
627 604
2394 604
1156 605
858 606
1350 606
608 607
609 607
610 607
611 607
609 608
610 608
2236 608
2237 608
610 609
611 609
2236 609
3328 609
611 610
3558 610
3328 611
3558 611
613 612
1525 612
1561 612
614 613
1561 613
3951 613
3544 614
4072 614
616 615
617 615
617 616
3496 616
3264 617
3496 617
755 618
756 618
4095 618
620 619
621 619
622 619
3247 619
621 620
622 620
623 620
624 620
622 621
623 621
624 621
2211 621
623 622
624 622
2211 622
624 623
2211 624
626 625
3487 625
3489 625
627 626
2475 627
629 628
3030 628
630 629
631 629
3452 630
3453 630
3454 630
1740 631
1741 631
3029 631
3030 631
3031 631
3033 631
3335 631
633 632
634 632
901 632
903 632
3854 632
3977 632
634 633
635 633
636 633
3977 634
636 635
903 635
2728 635
2729 635
2732 635
3702 635
857 636
858 636
859 636
3702 636
638 637
639 637
640 637
641 637
642 637
643 637
644 637
639 638
641 638
642 638
643 638
1454 638
640 639
643 639
1848 639
1850 639
2362 639
643 640
1848 640
643 641
644 641
1452 642
1453 642
1454 642
644 643
1848 643
1454 644
2529 645
2531 645
648 646
2300 646
2717 646
2718 646
2718 647
2193 648
2197 648
2717 648
3513 648
650 649
651 649
652 649
653 649
654 649
651 650
652 650
653 650
654 650
1664 650
3931 650
652 651
1052 651
1767 651
1768 651
3931 651
654 652
1052 652
1767 652
3931 652
654 653
1664 653
1667 653
807 654
656 655
657 655
658 655
3465 655
3466 655
3467 655
657 656
658 656
659 656
660 656
661 656
3997 657
660 658
661 658
3467 658
660 659
1873 659
2791 659
2792 659
661 660
2791 660
2792 660
3467 661
663 662
664 662
665 662
666 662
667 662
668 662
664 663
665 663
667 663
3259 663
665 664
666 664
667 664
3259 664
667 665
3259 665
667 666
668 666
2536 666
3956 666
4019 666
668 667
2640 667
3883 668
3956 668
670 669
671 669
672 669
673 669
1320 670
3314 670
3315 670
673 671
2409 671
3280 671
884 672
3280 672
3314 672
3625 672
1232 673
1794 673
1979 673
675 674
2488 674
3322 674
2839 675
677 676
678 676
1447 676
1448 676
678 677
679 677
680 677
681 677
680 678
681 678
2366 678
2367 678
680 679
1800 679
4104 679
2366 680
2367 680
3815 680
1687 681
1689 681
1959 681
2366 681
683 682
684 682
685 682
687 682
3429 682
684 683
685 683
686 683
687 683
688 683
689 683
690 683
685 684
688 684
2706 684
687 685
688 685
2706 685
3429 685
689 686
690 686
1793 686
2614 686
1793 687
690 688
2706 688
3361 688
690 689
2614 689
3358 689
3361 689
3428 689
3361 690
3428 690
692 691
693 692
1193 693
1195 693
695 694
697 694
698 694
696 695
697 695
698 695
699 695
698 696
699 696
698 697
3782 697
699 698
3560 699
701 700
702 700
703 700
705 700
706 700
2558 700
702 701
703 701
704 701
705 701
706 701
707 701
708 701
703 702
706 702
707 702
708 702
706 703
2431 703
707 704
1781 704
1782 704
1783 704
1784 704
2560 705
3179 705
2429 706
2431 706
2432 706
2558 706
2561 706
1784 707
2372 707
2431 707
2369 708
2370 708
2372 708
2373 708
3096 709
711 710
3308 710
3924 710
3925 710
3924 711
713 712
714 712
716 712
2883 712
714 713
715 713
716 713
715 714
716 714
2883 714
3473 714
3474 714
2883 715
1219 716
1222 716
2824 716
2825 716
3099 717
3100 717
3123 717
719 718
720 718
721 718
720 719
721 719
2583 719
3191 719
3193 719
721 720
2583 720
2584 720
3660 721
723 722
725 722
861 722
724 723
725 723
726 723
727 723
725 724
726 724
727 724
1522 724
1523 724
3530 724
726 725
727 725
727 726
1945 727
1946 727
729 728
730 728
731 728
732 728
733 728
734 728
730 729
2409 729
2563 729
2564 729
2566 729
733 730
2409 730
734 731
1232 731
1234 731
733 732
734 732
2632 732
3098 732
3953 732
2632 733
1234 734
736 735
737 735
738 735
739 735
740 735
737 736
1829 737
1830 737
1831 737
740 738
2054 738
2056 738
2874 738
2875 738
740 739
2118 739
2119 739
2118 740
2119 740
2875 740
1727 741
1728 741
1729 741
1730 741
1732 741
2808 741
1199 742
1280 742
1281 742
1282 742
744 743
745 743
1898 743
2808 743
745 744
1898 744
2808 744
1898 745
2808 745
2809 745
747 746
748 746
749 746
750 746
751 746
752 746
753 746
748 747
749 747
2007 747
2666 747
852 748
2666 748
2006 749
2008 749
2666 749
751 750
752 750
753 750
1889 750
752 751
850 751
855 751
856 751
2241 751
753 752
855 752
856 752
1889 753
1890 753
755 754
1348 754
4095 754
756 755
757 755
1348 756
1349 756
1559 756
3227 757
3229 757
3230 757
3700 757
759 758
760 758
761 758
762 758
763 758
764 758
760 759
761 759
762 759
763 759
3272 759
762 760
763 760
3272 760
764 761
2690 761
3323 761
3324 761
763 762
764 762
1902 762
764 763
1902 763
1899 764
1900 764
1901 764
1902 764
3323 764
766 765
767 765
768 765
769 765
1455 766
1456 766
1457 766
769 767
1456 767
1458 767
2695 767
2696 767
3853 767
3854 767
1492 768
1493 768
1494 768
1273 769
1458 769
2695 769
2696 769
3853 769
771 770
772 770
773 770
774 770
775 770
772 771
2689 771
4064 771
773 772
2689 772
774 773
775 773
2065 773
3093 773
2065 774
3093 774
1588 775
1589 775
3093 775
4126 775
777 776
778 776
779 776
3733 776
779 777
780 777
3733 777
779 778
783 778
3675 778
3733 778
780 779
783 779
3733 779
3733 780
782 781
783 781
784 781
785 781
786 781
2576 782
2578 782
3675 782
3987 782
786 783
785 784
786 784
3598 784
3964 784
786 785
3598 785
3964 786
788 787
789 787
2540 787
789 788
790 788
791 788
792 788
791 789
1937 789
2533 789
2534 789
1189 790
1192 790
2540 790
3517 790
2534 791
3097 791
1875 792
1877 792
2705 792
3517 792
3519 792
794 793
795 793
796 793
796 794
1273 794
2695 794
2697 794
796 795
2719 795
2720 795
2721 795
2722 795
798 797
799 797
800 797
801 797
802 797
803 797
799 798
800 798
801 798
801 799
802 799
803 799
2150 799
803 800
2785 800
3110 800
3112 800
802 801
803 801
2150 801
2151 801
803 802
2149 802
2150 802
2151 802
2152 802
2150 803
805 804
806 804
807 804
808 804
809 804
810 804
807 805
1042 805
1051 805
1052 805
807 806
808 806
809 806
810 806
1667 806
810 807
1042 807
1051 807
809 808
2209 808
2210 808
810 809
2147 809
2209 809
1051 810
812 811
813 811
3311 811
3312 811
3532 811
813 812
3311 812
3312 812
3313 812
3312 813
3379 813
815 814
816 814
816 815
1244 816
2190 816
818 817
819 817
820 817
1675 817
3593 817
819 818
821 818
822 818
823 818
824 818
820 819
821 819
823 819
824 819
1600 819
1673 819
1675 819
823 820
824 820
1600 820
1675 820
3593 820
822 821
1828 821
2109 821
2956 821
2958 821
824 822
1828 822
1829 822
1830 822
1831 822
824 823
2051 823
3593 823
1830 824
3593 824
826 825
827 825
828 825
829 825
830 825
827 826
1060 826
1063 826
1140 826
1140 827
1805 828
830 829
2068 829
2069 829
1063 830
2068 830
2069 830
2699 830
832 831
833 831
2618 831
3852 831
833 832
834 832
835 832
834 833
2618 833
3233 833
2618 834
2620 834
2621 834
3585 834
2099 835
2100 835
2101 835
2102 835
3478 835
3852 835
837 836
840 836
841 836
838 837
839 837
840 837
841 837
839 838
2040 838
2041 838
2042 838
840 839
2041 839
2042 839
841 840
2042 840
3118 840
2042 841
3118 841
3119 841
843 842
845 842
847 842
848 842
1073 842
1074 842
844 843
845 843
846 843
847 843
848 843
845 844
846 844
848 844
2489 844
846 845
848 845
848 846
2485 846
2489 846
848 847
1073 847
1074 847
850 849
851 849
852 849
851 850
852 850
853 850
854 850
855 850
856 850
852 851
855 853
4057 853
855 854
856 854
1373 854
856 855
1373 855
1373 856
2241 856
858 857
859 857
859 858
860 858
860 859
3702 859
3732 859
1209 860
1211 860
1212 860
1350 860
3732 860
1801 861
2129 861
863 862
864 862
865 862
866 862
867 862
868 862
869 862
864 863
866 863
867 863
865 864
866 864
867 864
3471 864
867 865
1210 865
2478 865
867 866
869 866
869 867
869 868
926 868
927 868
926 869
927 869
928 869
871 870
872 870
1948 870
2546 870
2658 870
872 871
873 871
3319 871
3320 871
3938 871
2689 872
3179 873
876 874
1322 875
1649 875
1652 875
2811 875
877 876
1962 876
1965 876
3645 876
878 877
3767 877
3767 878
4003 878
4006 878
4065 878
880 879
881 879
882 879
883 879
3475 880
3476 880
3477 880
883 881
1932 881
1934 881
1935 881
4020 881
4131 881
4132 881
4142 881
3476 882
3477 882
3978 882
4054 882
4020 883
885 884
887 884
2704 884
2790 884
3314 884
3315 884
3625 884
3626 884
886 885
887 885
888 885
889 885
888 886
2539 886
3315 886
889 887
2704 887
3315 887
1678 888
2178 888
3533 888
3884 888
1676 889
1678 889
2178 889
2704 889
891 890
892 890
893 890
892 891
3281 891
3790 891
3921 891
893 892
1342 893
1344 893
895 894
3318 894
3321 894
3724 894
896 895
897 895
898 895
898 896
1091 896
1092 896
898 897
1781 897
1782 897
1092 898
1781 898
1782 898
900 899
901 899
902 899
903 899
901 900
3379 900
4125 900
903 901
3854 901
3977 901
3978 901
4125 901
903 902
1724 902
2728 902
2728 903
905 904
906 904
908 904
909 904
2391 904
2392 904
906 905
907 905
908 905
909 905
910 905
911 905
908 906
2391 906
2392 906
2893 906
3051 906
908 907
909 907
910 907
910 909
3690 909
3194 910
3195 910
3976 910
1325 911
1328 911
1329 911
3194 911
913 912
914 912
915 912
916 912
2260 912
2261 912
3811 912
914 913
915 913
916 913
917 913
916 914
917 914
916 915
917 915
2260 915
917 916
2260 916
2261 916
3509 916
3811 916
1044 917
1046 917
1788 917
919 918
3892 918
3893 918
920 919
921 919
2859 920
2860 920
964 921
968 921
3611 921
3719 921
3722 921
923 922
924 922
925 922
2287 922
924 923
925 923
925 924
1427 924
2285 924
2287 924
1427 925
2967 925
927 926
928 926
1237 926
1238 926
2273 926
1236 927
1237 927
1238 927
1240 927
1056 928
1459 928
2272 928
2273 928
2275 928
930 929
931 929
932 929
933 929
935 929
936 929
933 930
936 930
2581 930
3271 930
935 931
1658 931
1660 931
3901 931
936 932
944 932
947 932
1658 932
1659 932
934 933
935 933
1937 933
2533 933
2581 933
2580 934
2581 934
2582 934
2533 935
1659 936
1746 936
3271 936
938 937
1470 937
2281 937
2282 937
2283 937
2284 937
940 939
941 939
1306 939
1307 939
2866 939
2867 939
2868 939
941 940
942 940
3063 942
3064 942
3065 942
944 943
945 943
1322 943
1323 943
3140 943
945 944
946 944
947 944
946 945
1323 945
3671 945
947 946
1323 946
3247 946
3671 946
3671 947
949 948
950 948
952 948
950 949
952 949
954 949
951 950
953 950
954 950
953 951
1315 951
2864 951
2865 951
954 953
2421 953
2423 953
2865 953
2227 954
2229 954
2613 954
956 955
2716 955
2716 956
958 957
959 957
960 957
2062 957
959 958
960 958
961 958
962 958
963 958
961 959
1621 959
2005 959
962 960
1170 960
2062 960
963 961
1621 961
2524 961
3088 961
1170 962
2772 962
2855 962
2856 962
2858 962
1952 963
2771 963
2773 963
3088 963
3089 963
965 964
966 964
968 964
969 964
3722 964
966 965
967 965
968 965
969 965
970 965
969 966
3405 966
3406 966
970 967
2882 967
2883 967
2884 967
3286 967
969 968
3722 968
970 969
2882 970
2883 970
2884 970
972 971
973 971
974 971
975 971
975 972
3444 972
3556 972
3557 972
3788 972
975 973
1031 973
1032 973
2745 973
1032 974
3444 974
3445 974
3657 974
3659 974
977 976
978 976
979 976
1362 976
1363 976
3678 976
978 977
979 977
980 977
981 977
982 977
979 978
981 978
982 978
3253 978
3678 978
3997 978
981 979
982 979
3678 979
981 980
982 981
984 983
985 983
1023 983
1024 983
1025 983
985 984
986 984
987 984
988 984
986 985
1025 985
1283 985
1284 985
987 986
988 986
1284 986
1285 986
3122 986
988 987
1832 987
1832 988
3122 988
3158 988
990 989
1478 989
1480 989
1481 989
1614 990
1529 991
1531 991
993 992
1530 992
994 993
996 995
997 995
998 995
999 995
997 996
998 996
3713 996
3714 996
998 997
999 997
3048 997
3049 997
999 998
3049 998
3045 999
3046 999
3048 999
3049 999
1001 1000
1002 1000
3310 1000
1002 1001
1003 1001
1004 1001
1005 1001
1003 1002
3310 1002
1004 1003
1005 1003
1005 1004
2786 1005
2787 1005
4029 1005
1007 1006
1008 1006
2982 1006
2983 1006
3871 1006
1008 1007
2691 1008
1010 1009
1011 1009
1012 1009
1013 1009
1014 1009
1015 1009
1182 1010
1808 1010
1811 1010
3528 1010
3529 1010
1012 1011
1013 1011
1015 1011
1490 1011
2074 1011
1013 1012
1486 1012
1489 1012
1490 1012
1491 1012
1015 1013
2074 1013
2075 1013
1015 1014
3536 1014
3851 1014
3133 1015
3851 1015
1017 1016
1018 1016
1019 1016
1514 1016
1515 1016
1018 1017
1019 1017
1020 1017
1021 1017
1019 1018
1735 1018
1020 1019
1682 1019
1021 1020
2606 1020
2607 1020
3944 1020
2606 1021
2607 1021
3944 1021
1023 1022
1504 1022
1506 1022
3224 1022
3225 1022
1024 1023
1025 1023
1026 1023
2267 1024
3225 1024
1026 1025
1283 1025
1506 1025
1506 1026
1028 1027
1976 1027
2997 1027
2998 1027
3567 1027
1029 1028
1030 1028
2998 1029
2999 1029
3828 1029
3036 1030
3038 1030
3039 1030
3766 1030
1032 1031
2745 1032
3659 1032
1034 1033
1035 1033
1036 1033
1037 1033
1038 1033
1035 1034
1036 1034
2810 1034
1036 1035
1038 1036
3260 1036
1038 1037
1748 1037
1749 1037
2810 1037
1748 1038
2810 1038
1040 1039
1041 1039
1042 1039
1043 1039
1041 1040
1043 1040
1231 1040
1042 1041
1043 1041
1051 1041
1052 1041
1051 1042
1052 1042
1052 1043
1045 1044
1046 1044
1047 1044
1048 1044
1049 1044
1050 1044
1047 1045
2708 1045
2709 1045
3811 1045
1047 1046
1048 1046
1049 1046
1788 1046
1050 1047
2708 1047
2709 1047
2712 1047
1049 1048
1050 1048
1789 1048
1788 1049
1789 1049
1789 1050
1052 1051
1054 1053
1055 1053
1056 1053
1056 1054
2272 1054
2273 1054
2272 1055
3180 1055
4084 1055
2272 1056
2273 1056
2275 1056
3180 1056
1058 1057
1059 1057
1060 1057
1061 1057
1062 1057
1063 1057
1064 1057
1059 1058
1061 1058
1062 1058
1229 1058
1230 1059
3995 1059
4070 1059
1062 1060
1063 1060
1140 1060
1062 1061
1064 1061
2067 1061
1063 1062
1064 1062
2067 1063
2068 1063
2069 1063
2067 1064
1066 1065
1067 1065
2603 1065
2688 1065
1726 1066
1730 1066
2531 1066
3309 1066
3691 1066
3309 1067
1069 1068
1825 1068
1071 1070
1072 1070
3775 1070
4014 1070
4015 1070
4016 1070
1072 1071
1999 1072
2000 1072
1074 1073
1076 1075
1078 1075
1079 1075
1080 1075
1077 1076
1078 1076
1079 1076
1080 1076
1079 1077
2760 1077
1079 1078
1080 1078
2319 1078
2320 1078
1080 1079
2319 1079
2320 1079
2321 1079
2760 1079
2319 1080
2320 1080
2321 1080
3521 1080
1082 1081
1083 1081
1084 1081
1085 1081
1086 1081
1083 1082
1084 1082
1084 1083
1085 1083
1085 1084
1086 1085
3027 1085
2692 1086
2693 1086
3027 1086
3028 1086
1088 1087
1089 1087
1090 1087
1090 1088
2838 1088
1090 1089
2838 1089
3424 1089
3426 1089
3917 1089
3939 1089
3940 1089
3917 1090
3940 1090
1092 1091
1773 1091
1947 1091
2338 1091
2339 1091
2340 1091
2341 1091
1947 1092
3422 1092
3427 1092
3516 1092
4038 1092
1094 1093
1095 1093
1096 1093
1097 1093
1096 1094
2847 1094
3493 1094
3494 1094
1096 1095
3814 1095
2846 1096
2847 1096
3493 1096
3494 1096
3814 1096
3814 1097
1099 1098
1100 1098
1102 1098
1103 1098
1466 1098
3961 1098
1100 1099
1101 1099
1102 1099
1103 1099
1104 1099
1105 1099
1103 1100
3185 1100
3961 1100
1103 1101
2620 1101
3185 1101
3585 1101
3586 1101
3587 1101
4037 1101
1103 1102
1104 1102
1466 1102
1467 1102
1468 1102
1105 1103
3441 1103
1105 1104
1468 1104
3441 1105
3587 1105
3708 1105
3709 1105
4037 1105
1107 1106
1108 1106
1109 1106
1110 1106
1108 1107
1109 1107
1256 1107
3460 1107
3546 1107
1109 1108
1110 1108
3460 1108
3528 1108
1256 1109
2901 1109
2902 1109
3528 1110
3537 1110
1112 1111
1113 1111
1114 1111
2365 1111
3891 1111
1113 1112
1114 1112
1115 1112
1116 1112
2365 1113
1116 1114
1116 1115
1316 1115
1317 1115
1316 1116
1317 1116
3446 1116
3447 1116
1118 1117
1797 1117
1120 1119
1121 1119
1122 1119
1123 1119
1124 1119
1122 1120
1365 1120
3177 1120
3178 1120
2105 1121
2154 1121
2155 1121
3797 1121
3798 1121
1123 1122
1365 1122
3634 1122
3685 1122
1366 1123
1368 1123
1369 1123
1369 1124
2106 1124
3024 1124
3025 1124
3026 1124
3834 1124
1126 1125
1127 1125
1128 1125
1129 1125
1128 1126
2734 1126
2735 1126
3751 1126
4109 1126
1129 1127
2737 1127
2831 1127
2832 1127
4108 1127
4109 1127
2734 1128
2737 1128
2737 1129
1131 1130
1132 1130
1132 1131
2553 1131
2754 1131
2805 1131
2807 1131
2807 1132
3981 1132
4101 1132
1134 1133
1135 1133
1138 1133
2303 1133
2959 1133
1135 1134
1136 1134
1138 1134
1139 1134
1136 1135
1137 1135
1138 1135
1139 1135
1137 1136
1139 1136
1861 1136
3073 1136
1139 1137
1861 1137
3072 1137
3073 1137
3515 1137
1139 1138
2788 1140
3456 1140
1142 1141
1144 1141
2906 1141
3040 1141
3041 1141
3042 1141
3043 1141
3044 1141
3527 1141
1143 1142
1144 1142
1145 1142
1145 1143
1439 1143
1440 1143
1443 1143
3042 1144
3044 1144
1439 1145
1441 1145
1442 1145
1443 1145
1147 1146
1148 1146
1599 1146
3799 1146
1148 1147
1149 1147
1150 1147
1151 1147
1151 1148
2053 1148
2426 1149
2427 1149
1599 1150
2426 1151
1153 1152
1154 1152
1155 1152
1154 1153
1449 1153
1450 1153
1451 1153
1450 1155
2659 1155
1158 1157
1159 1157
2614 1157
3397 1157
1159 1158
1160 1158
1161 1158
1162 1158
1161 1159
1162 1159
3397 1159
1161 1160
3233 1160
3235 1160
3236 1160
1162 1161
2614 1162
1164 1163
1165 1163
1166 1163
1167 1163
1168 1163
1169 1163
1864 1163
2120 1163
1165 1164
1166 1164
1167 1164
1168 1164
1169 1164
1167 1165
1168 1165
2120 1165
3353 1165
3354 1165
3985 1165
1169 1166
2120 1166
3970 1166
1397 1167
2120 1167
3353 1167
3354 1167
2799 1168
2800 1168
2801 1168
2802 1168
2803 1168
3083 1168
3084 1168
3354 1168
1864 1169
1171 1170
1172 1170
2063 1170
2856 1170
1172 1171
1173 1171
1173 1172
2770 1173
2772 1173
1175 1174
2736 1175
1177 1176
3850 1176
3601 1177
1179 1178
1180 1178
1181 1178
1182 1178
1181 1179
2633 1179
1181 1180
1182 1180
3460 1180
1182 1181
3529 1181
3460 1182
3528 1182
3529 1182
1184 1183
1185 1183
1185 1184
2853 1184
3155 1184
2849 1185
2853 1185
1187 1186
1188 1186
1189 1186
1190 1186
1191 1186
1192 1186
1188 1187
3916 1187
3991 1187
4042 1187
1191 1188
1745 1188
1746 1188
4042 1188
1190 1189
1192 1189
2094 1189
1192 1190
2091 1190
2094 1190
2401 1190
3252 1191
3517 1192
3991 1192
1194 1193
1195 1193
1196 1193
1195 1194
1196 1194
2735 1194
1196 1195
2734 1196
2735 1196
2626 1197
2627 1197
2628 1197
2629 1197
2630 1197
2979 1197
1199 1198
1200 1198
1201 1198
1280 1199
1281 1199
1282 1199
2826 1199
2827 1199
1201 1200
1405 1200
3412 1200
3965 1201
3298 1202
1204 1203
2750 1204
2751 1204
1206 1205
1207 1205
1208 1205
1568 1206
1570 1206
1795 1206
2097 1206
2494 1206
1208 1207
1647 1207
1650 1207
2496 1207
1651 1208
1210 1209
1211 1209
1212 1209
2478 1210
3732 1210
1212 1211
1350 1211
1351 1211
1352 1211
1353 1211
1354 1211
1350 1212
2415 1212
2416 1212
2417 1212
1214 1213
1215 1213
1216 1213
1217 1213
1758 1213
1759 1213
3420 1213
1215 1214
1216 1214
1217 1214
1469 1215
1470 1215
1217 1216
1759 1216
2070 1216
3420 1216
2070 1217
3793 1217
3794 1217
1219 1218
1220 1218
1221 1218
1222 1218
1220 1219
1221 1219
1222 1219
3046 1219
1222 1220
3046 1220
3473 1220
1222 1221
2825 1221
2825 1222
3046 1222
1224 1223
1225 1223
1226 1223
1227 1223
1228 1223
4116 1223
1225 1224
1226 1224
1227 1224
1228 1224
1229 1224
1230 1224
1226 1225
1228 1225
1822 1225
1998 1225
1228 1226
1822 1226
1824 1226
1998 1226
1228 1227
1229 1227
1449 1227
1449 1229
1451 1229
4116 1229
1998 1230
3971 1230
3995 1230
4070 1230
1233 1232
1234 1232
1234 1233
1796 1233
2834 1233
2550 1234
3668 1235
1237 1236
1238 1236
1239 1236
1240 1236
1241 1236
1238 1237
1239 1237
1240 1237
1241 1237
2273 1237
1240 1238
1459 1238
1241 1239
1949 1239
2315 1239
1241 1240
2315 1240
2315 1241
2317 1241
1243 1242
1244 1242
1245 1242
1246 1242
1247 1242
2631 1242
1244 1243
1245 1243
1246 1243
1247 1243
1248 1243
1249 1243
1246 1244
1247 1244
1248 1244
2629 1245
2630 1245
2631 1245
1247 1246
2631 1246
1248 1247
1249 1248
1378 1249
2139 1249
2769 1249
1251 1250
1252 1250
1253 1250
1255 1250
1252 1251
1253 1251
1254 1251
1255 1251
1256 1251
1253 1252
1254 1252
3710 1252
1255 1253
3710 1253
2380 1254
2493 1254
1256 1255
3918 1255
3918 1256
1258 1257
1259 1257
1260 1257
1261 1257
1262 1257
1259 1258
1260 1258
1261 1258
1262 1258
3240 1258
3241 1258
1261 1259
3241 1259
1261 1260
1262 1260
2649 1260
1262 1261
2649 1262
1264 1263
3789 1263
3888 1263
1265 1264
1546 1264
1546 1265
1548 1265
1703 1265
3153 1265
1267 1266
1645 1266
3302 1266
3303 1266
1444 1267
3302 1267
3303 1267
2231 1268
2234 1268
2235 1268
2236 1268
1270 1269
1271 1269
1272 1269
1455 1269
1457 1269
2026 1269
2027 1269
1271 1270
1272 1270
1273 1270
1272 1271
1455 1271
1457 1271
1458 1271
1458 1272
1458 1273
2695 1273
2696 1273
2697 1273
1275 1274
1717 1274
1718 1274
1892 1274
1717 1275
1891 1275
1892 1275
1893 1275
2441 1275
1277 1276
1278 1276
1279 1276
1278 1277
1279 1277
1401 1277
1405 1277
1406 1277
2502 1277
3412 1277
1406 1278
2502 1278
2502 1279
3812 1279
3813 1279
3862 1279
1282 1280
1367 1280
2826 1280
2827 1280
2828 1280
1282 1281
1372 1281
1367 1282
1284 1283
1285 1284
2232 1285
2520 1285
3122 1285
1287 1286
1288 1286
1289 1286
1290 1286
2311 1286
1288 1287
1289 1287
1290 1287
1291 1287
1289 1288
2311 1288
3263 1288
3264 1288
1290 1289
2311 1289
2673 1289
2033 1290
2673 1290
2031 1291
2032 1291
2033 1291
2673 1291
1293 1292
1294 1292
1295 1292
1296 1292
1297 1292
1298 1292
1299 1292
1294 1293
1376 1293
1690 1293
1692 1293
1693 1293
1297 1294
1376 1294
1377 1294
1378 1294
1690 1294
1508 1295
2740 1295
1298 1296
1514 1296
2740 1296
1378 1297
2753 1297
2769 1297
1514 1298
2756 1298
2840 1298
2752 1299
2753 1299
2755 1299
2756 1299
1301 1300
1304 1300
1925 1300
2276 1300
2277 1300
1302 1301
1303 1301
1304 1301
1305 1301
1304 1302
1305 1302
2794 1302
2795 1302
2796 1302
2797 1302
2798 1302
1601 1303
1604 1303
1925 1303
3909 1303
1305 1304
2797 1304
2796 1305
1307 1306
1308 1306
1309 1306
1308 1307
1309 1307
2867 1307
3035 1307
1309 1308
3244 1308
3064 1309
3243 1309
3244 1309
1311 1310
1312 1310
1313 1310
3181 1310
1312 1311
1313 1311
1314 1311
1313 1312
1314 1312
1315 1312
3582 1313
2864 1315
2865 1315
3689 1315
3881 1315
1317 1316
3444 1316
3445 1316
3446 1316
3447 1316
3445 1317
3447 1317
3495 1317
1319 1318
1320 1318
2539 1318
1320 1319
2539 1319
2634 1321
2635 1321
2636 1321
2637 1321
2638 1321
1323 1322
2477 1322
2811 1322
3671 1323
1805 1324
3079 1324
3080 1324
1326 1325
1327 1325
1328 1325
1329 1325
3054 1325
1327 1326
1328 1326
1329 1326
1330 1326
1331 1326
1332 1326
1771 1327
2746 1327
3166 1327
1329 1328
1330 1328
2977 1328
3194 1328
3195 1328
1330 1329
3194 1329
3195 1329
3196 1329
1331 1330
1332 1330
2527 1330
2747 1330
2977 1330
1332 1331
1774 1331
2746 1331
2747 1331
2977 1331
1771 1332
1774 1332
2746 1332
2747 1332
1334 1333
1335 1333
1336 1333
1337 1333
2921 1334
1336 1335
1337 1335
3183 1335
3184 1335
1337 1336
3183 1336
3898 1336
3960 1336
4083 1336
2359 1337
3898 1337
3960 1337
1340 1339
1341 1339
1342 1339
1343 1339
1344 1339
1345 1339
1346 1339
1347 1339
1343 1340
1548 1340
2572 1340
2573 1340
1344 1341
1345 1341
1344 1342
2435 1342
1346 1343
2573 1343
3503 1343
1345 1344
1346 1345
1347 1345
3027 1345
1347 1346
2888 1346
3503 1346
2888 1347
3027 1347
3028 1347
1349 1348
1559 1349
2374 1349
2377 1349
2379 1349
3201 1349
2415 1350
1352 1351
1353 1351
1926 1351
1353 1352
1354 1352
1926 1352
1928 1352
1929 1352
1354 1353
1926 1353
1929 1353
1926 1354
1927 1354
1928 1354
1929 1354
1356 1355
1357 1355
1359 1355
1358 1357
1359 1357
3396 1357
3541 1357
3540 1358
3541 1358
3541 1359
1361 1360
1362 1360
1363 1360
1362 1361
1363 1361
2257 1361
1363 1362
2257 1362
2256 1363
2257 1363
3678 1363
1366 1365
1367 1365
3685 1365
1367 1366
1368 1366
1369 1366
1370 1366
1371 1366
1372 1366
1368 1367
1370 1367
1371 1367
1372 1367
1370 1368
1371 1368
3685 1368
1370 1369
3024 1369
3026 1369
1371 1370
1372 1370
2410 1370
1372 1371
1374 1373
1375 1374
4139 1375
1377 1376
1379 1376
1378 1377
2138 1378
2769 1378
1535 1379
1536 1379
1537 1379
3704 1379
1381 1380
1382 1380
1383 1380
1384 1380
1382 1381
1383 1381
2334 1381
2335 1381
2334 1382
3470 1382
4031 1382
4122 1382
2335 1383
2659 1383
2793 1384
2836 1384
4122 1384
1386 1385
1389 1385
2213 1385
2216 1385
1387 1386
1388 1386
1389 1386
1388 1387
2803 1387
3353 1387
3354 1387
3985 1387
3986 1387
2803 1388
3353 1388
3985 1388
3986 1388
3661 1389
4004 1389
1391 1390
1392 1390
1393 1390
1394 1390
1395 1390
1392 1391
1393 1391
1394 1391
2535 1391
2536 1391
3956 1391
4017 1391
1393 1392
1394 1392
2535 1392
2536 1392
1394 1393
1395 1393
3538 1393
1395 1394
3538 1394
3539 1394
3883 1394
3538 1395
3539 1395
1397 1396
3325 1396
3326 1396
1398 1397
1399 1397
1399 1398
3673 1399
3674 1399
3675 1399
1401 1400
1402 1400
1404 1400
2976 1400
1402 1401
1403 1401
1404 1401
1405 1401
1406 1401
1403 1402
1404 1402
2976 1402
1404 1403
1405 1403
1958 1403
3412 1403
1406 1404
2976 1404
3412 1405
2502 1406
2976 1406
2991 1406
1408 1407
1411 1407
1622 1407
2429 1407
2430 1407
2432 1407
2561 1407
1409 1408
1410 1408
1411 1408
1412 1408
1413 1408
1410 1409
1412 1409
1413 1409
1623 1409
2170 1409
3301 1409
1412 1410
1474 1410
1475 1410
1476 1410
3301 1410
1413 1411
1622 1411
1623 1411
1413 1412
1474 1412
2170 1412
3301 1412
1623 1413
1415 1414
1416 1414
1590 1414
1593 1414
2458 1414
2924 1414
2927 1414
1416 1415
1417 1415
1590 1416
1595 1416
2458 1417
3032 1417
1419 1418
1420 1418
1421 1418
1422 1418
1423 1418
1420 1419
1421 1419
2417 1419
2479 1419
2481 1419
3387 1419
3459 1419
1422 1420
3459 1420
1423 1421
2538 1421
3387 1421
2481 1422
3883 1422
3387 1423
3388 1423
3389 1423
3539 1423
1425 1424
1426 1424
1427 1424
1428 1424
1429 1424
1430 1424
1431 1424
1432 1424
1426 1425
1427 1425
1428 1425
1845 1425
2285 1425
2286 1425
1427 1426
1428 1426
1429 1426
1429 1427
2285 1427
2967 1427
1430 1428
1847 1428
3061 1428
3062 1428
3510 1428
1432 1429
2967 1429
1431 1430
3061 1430
3568 1430
1432 1431
2159 1431
3568 1431
3569 1431
2157 1432
2159 1432
2196 1432
1434 1433
1435 1433
1436 1433
1437 1433
1438 1433
1435 1434
1436 1434
3070 1434
3627 1434
1436 1435
1437 1436
1438 1436
1438 1437
2036 1437
2036 1438
2037 1438
2039 1438
1440 1439
1441 1439
1442 1439
1443 1439
1442 1441
1443 1441
2987 1441
2987 1442
1445 1444
1446 1444
1446 1445
2234 1446
2235 1446
3787 1446
3015 1447
3016 1447
3164 1447
3165 1447
1450 1449
1451 1449
4116 1449
1451 1450
4116 1450
4116 1451
1453 1452
1809 1452
1811 1452
1812 1452
2715 1452
3543 1452
3545 1452
1812 1453
3177 1453
3178 1453
3545 1453
3589 1453
1456 1455
1457 1455
1458 1455
1457 1456
1458 1456
1458 1457
2273 1459
2275 1459
3935 1459
1461 1460
1462 1460
1463 1460
1464 1460
1465 1460
1462 1461
1463 1461
2133 1461
1463 1462
1464 1462
1464 1463
1465 1463
2661 1463
2663 1463
1465 1464
2663 1464
2663 1465
2664 1465
3865 1466
3866 1466
3961 1466
4115 1466
1468 1467
4115 1467
1470 1469
1471 1469
2281 1470
2283 1470
2952 1470
2283 1471
3566 1471
3829 1471
1473 1472
1474 1472
1475 1472
1476 1472
1474 1473
1584 1473
1586 1473
3301 1473
1476 1474
3301 1474
1476 1475
2876 1475
3301 1475
3301 1476
1478 1477
1480 1477
2471 1477
3563 1477
3707 1477
3743 1477
1479 1478
1480 1478
1481 1478
1481 1479
1799 1479
1800 1479
2468 1480
2470 1480
2471 1480
2779 1481
1483 1482
1485 1482
2128 1482
2915 1482
3121 1482
1484 1483
1485 1483
2128 1484
2128 1485
3429 1485
1487 1486
1488 1486
1489 1486
1490 1486
1491 1486
1488 1487
1801 1487
1490 1489
1491 1489
1491 1490
1493 1492
1494 1492
1495 1492
1496 1492
1494 1493
1495 1494
1496 1494
3376 1494
1496 1495
3375 1495
3376 1495
3374 1496
3376 1496
1498 1497
1499 1497
1500 1497
1501 1497
1502 1497
1503 1497
1499 1498
1500 1498
1910 1498
1914 1498
1915 1498
2418 1498
1500 1499
1910 1499
1914 1499
1916 1499
2247 1499
2418 1499
2419 1499
1502 1500
1503 1500
2418 1500
1502 1501
2648 1501
2879 1501
1503 1502
2418 1502
2648 1502
2247 1503
2418 1503
2648 1503
3224 1504
3225 1504
1506 1505
3759 1505
1508 1507
1509 1507
1510 1507
2835 1507
1509 1508
1510 1508
1511 1508
1512 1508
1513 1508
1514 1508
1515 1508
1510 1509
1511 1509
2835 1509
1511 1510
1512 1510
1513 1510
1512 1511
1513 1511
1513 1512
1733 1512
1734 1512
1735 1512
1733 1513
1515 1514
1517 1516
1518 1516
1519 1516
1520 1516
1521 1516
1519 1517
1736 1517
3845 1517
1772 1518
3502 1518
3845 1518
1520 1519
1521 1519
1736 1519
1737 1519
1738 1519
1521 1520
3317 1520
3318 1520
3479 1520
3724 1520
1738 1521
3318 1521
3479 1521
3724 1521
1523 1522
1524 1522
1525 1522
1524 1523
3530 1523
3531 1523
1525 1524
1790 1524
3531 1524
3711 1524
1564 1525
1790 1525
1527 1526
3032 1526
3367 1526
1528 1527
3346 1528
3347 1528
1530 1529
1531 1529
1532 1529
1615 1529
3525 1529
3889 1529
1531 1530
1532 1530
1532 1531
3525 1532
2364 1534
1536 1535
1537 1535
1538 1535
1539 1535
1538 1537
1764 1537
1770 1537
1539 1538
1770 1538
2804 1538
2523 1539
2805 1539
1541 1540
1542 1540
1543 1540
1544 1540
1545 1540
1542 1541
1543 1541
1543 1542
1544 1542
2799 1542
1544 1543
1545 1543
3458 1544
1615 1545
3889 1545
3890 1545
1547 1546
1548 1546
2449 1547
2451 1547
2572 1547
1737 1548
2572 1548
2573 1548
3153 1548
3154 1548
1550 1549
1552 1549
1553 1549
2226 1549
2229 1549
2613 1549
3833 1549
1551 1550
1552 1550
1553 1550
1553 1551
2228 1551
3540 1551
4022 1551
1553 1552
2229 1552
3833 1552
3540 1553
3833 1553
4140 1553
1555 1554
1556 1554
1558 1554
1843 1554
1847 1554
1556 1555
1557 1555
1558 1555
1558 1556
1843 1556
2776 1556
3283 1556
1731 1557
1732 1557
3663 1557
2776 1558
3817 1558
2379 1559
2540 1559
2582 1559
1561 1560
1562 1560
3757 1560
1562 1561
1563 1561
1564 1561
1563 1562
3650 1562
3756 1562
3757 1562
2586 1563
2587 1563
2588 1563
3650 1563
3756 1563
3757 1563
1565 1564
1792 1564
3092 1564
3951 1564
3092 1565
3842 1565
3951 1565
4068 1565
1567 1566
2562 1566
2563 1566
2564 1566
2565 1566
2566 1566
1568 1567
1569 1567
1570 1567
1571 1567
1572 1567
1573 1567
1569 1568
1570 1568
1571 1568
1795 1568
1570 1569
1571 1569
1572 1569
1573 1569
1571 1570
1795 1570
1573 1571
1795 1571
1573 1572
3452 1572
3522 1572
3522 1573
3999 1573
1575 1574
1576 1574
1577 1574
1578 1574
1579 1574
1580 1574
1576 1575
1578 1575
1577 1576
1578 1576
1579 1576
1580 1576
4052 1576
1578 1577
1580 1577
1798 1577
1580 1578
1580 1579
3913 1579
4052 1579
3913 1580
4052 1580
1582 1581
1583 1581
2622 1581
2623 1581
2624 1581
2625 1581
1835 1582
2623 1583
2625 1583
3008 1583
1586 1584
1589 1584
1586 1585
1587 1585
2560 1585
3179 1585
1587 1586
1588 1586
1589 1586
2558 1587
2559 1587
2560 1587
2561 1587
1589 1588
3163 1588
4126 1589
1591 1590
1593 1590
2924 1590
2928 1590
1592 1591
1593 1591
1594 1591
1595 1591
1593 1592
2928 1592
2924 1593
2928 1593
3031 1593
1595 1594
2028 1594
2670 1594
2672 1594
2028 1595
2030 1595
1597 1596
2243 1596
2244 1596
3079 1596
3081 1596
1598 1597
1600 1599
1673 1600
2957 1600
2958 1600
1602 1601
1603 1601
1922 1601
1923 1601
1924 1601
1925 1601
1603 1602
1604 1602
1605 1602
1606 1602
1604 1603
1924 1603
3909 1603
3957 1603
1606 1604
1606 1605
2365 1605
3891 1605
2365 1606
1608 1607
1609 1607
1610 1607
1611 1607
1612 1607
1613 1607
1609 1608
1610 1608
1761 1608
1612 1609
1613 1609
2060 1609
2670 1609
3136 1609
3137 1609
1611 1610
1613 1611
1613 1612
3137 1612
3780 1612
2670 1613
2672 1613
3136 1613
3754 1613
3780 1613
1615 1614
1616 1614
3889 1615
3890 1615
2779 1616
2780 1616
2781 1616
2782 1616
1618 1617
1619 1617
1620 1617
1621 1617
1619 1618
1655 1618
2002 1618
2004 1618
2005 1618
3211 1618
1620 1619
1655 1619
3211 1619
3255 1619
3255 1620
3821 1620
3899 1620
3900 1620
2005 1621
2524 1621
2430 1622
2432 1622
3250 1622
2170 1623
2171 1623
1625 1624
1626 1624
1627 1624
3218 1624
1626 1625
1627 1625
1628 1625
1629 1625
1631 1625
1629 1626
1630 1626
1631 1626
1628 1627
3219 1627
3591 1628
1630 1629
1631 1629
1826 1629
1827 1629
1631 1630
1827 1630
2639 1630
1827 1631
2639 1631
1633 1632
1634 1632
1635 1632
1636 1632
1637 1632
1634 1633
1635 1633
1636 1633
2346 1633
1635 1634
2346 1634
1637 1636
2640 1636
2640 1637
4088 1637
1639 1638
1640 1638
1641 1638
1642 1638
2204 1639
2347 1639
2352 1639
2986 1639
1641 1640
1642 1640
3963 1640
1642 1641
2929 1641
3963 1641
3963 1642
1644 1643
1645 1643
1645 1644
2403 1644
3130 1644
3990 1644
3990 1645
1647 1646
1648 1646
1649 1646
1650 1646
1651 1646
1652 1646
1648 1647
1650 1647
1651 1647
2495 1647
2496 1647
1649 1648
1650 1648
4123 1648
1652 1649
3752 1649
4123 1649
1651 1650
4103 1651
2811 1652
3703 1652
4006 1652
4007 1652
4103 1652
1654 1653
1655 1653
2137 1653
3211 1653
1655 1654
1656 1654
1657 1654
3211 1655
3255 1655
3258 1655
1841 1656
1842 1656
4048 1656
3258 1657
3407 1657
3816 1657
3966 1657
3975 1657
4048 1657
1659 1658
1660 1658
1661 1658
1662 1658
1662 1659
1746 1659
3916 1659
1661 1660
3739 1660
3849 1660
3901 1660
1662 1661
3877 1661
3878 1661
3879 1661
3877 1662
3916 1662
4023 1662
1664 1663
1665 1663
2691 1663
1665 1664
1666 1664
1667 1664
1851 1665
2691 1665
1851 1666
1669 1668
1670 1668
1671 1668
1672 1668
1670 1669
1671 1669
1672 1669
1671 1670
1672 1671
1674 1673
1675 1673
1675 1674
3799 1674
3593 1675
1677 1676
1678 1676
1679 1676
1680 1676
1680 1677
2245 1677
2246 1677
2704 1677
1679 1678
2178 1678
2992 1678
3018 1678
3755 1678
3884 1678
1680 1679
2548 1679
2551 1679
3018 1679
3755 1679
2133 1680
2548 1680
3953 1680
1683 1682
1684 1682
1685 1682
2840 1683
2841 1683
1865 1684
1982 1685
2943 1685
1687 1686
1688 1686
1689 1686
1688 1687
1689 1687
1959 1689
1691 1690
1692 1690
1693 1690
1694 1690
1692 1691
1693 1691
1694 1691
2738 1691
2739 1691
3908 1691
1693 1692
1694 1692
2739 1692
2740 1692
3908 1692
1694 1693
2517 1693
2517 1694
2738 1694
2739 1694
2740 1694
1696 1695
1697 1695
1698 1695
1699 1695
1700 1695
2010 1696
2012 1696
2820 1696
2821 1696
2823 1696
1699 1697
1700 1697
2013 1697
1700 1698
2163 1698
2823 1698
1700 1699
2164 1699
2165 1699
2162 1700
2163 1700
2164 1700
2165 1700
1702 1701
1703 1701
1704 1701
1705 1701
1703 1702
1705 1702
2953 1702
3151 1703
3152 1703
2305 1704
2306 1704
3151 1704
3152 1704
2306 1705
2953 1705
1707 1706
1708 1706
1709 1706
1711 1706
2667 1706
2668 1706
1708 1707
1709 1707
1710 1707
1711 1707
1712 1707
1709 1708
1710 1708
2668 1708
1710 1709
1711 1709
2668 1709
2668 1710
1712 1711
2903 1711
3455 1712
1714 1713
1715 1713
1716 1713
1716 1714
2221 1714
2222 1714
2223 1714
2248 1714
2249 1714
2872 1714
2222 1716
2223 1716
1718 1717
1891 1717
1892 1717
3300 1717
1720 1719
1721 1719
1722 1719
1724 1719
1721 1720
1722 1720
1723 1720
1724 1720
1725 1720
1723 1721
3764 1721
4117 1721
4118 1721
1723 1722
1724 1722
3380 1722
3381 1722
3614 1722
1725 1723
2988 1723
3614 1723
3381 1724
3764 1725
3765 1725
1727 1726
1728 1726
1729 1726
1730 1726
1848 1726
1850 1726
3309 1726
3691 1726
1728 1727
1729 1727
1730 1727
1731 1727
1732 1727
1729 1728
1731 1728
1732 1728
3663 1728
1730 1729
3309 1729
2826 1730
3309 1730
1732 1731
3663 1731
3663 1732
1734 1733
1735 1733
1735 1734
2449 1736
1738 1737
3503 1737
4055 1737
3503 1738
3724 1738
1740 1739
1741 1739
1742 1739
1743 1739
1744 1739
1745 1739
1746 1739
1741 1740
3033 1740
3335 1740
1743 1741
3033 1741
3335 1741
1744 1742
3033 1742
3034 1742
3251 1742
3335 1742
1746 1743
3270 1743
3271 1743
1745 1744
1746 1745
3252 1745
4042 1746
1748 1747
1749 1747
1750 1747
1751 1747
1752 1747
1753 1747
1754 1747
1749 1748
1750 1748
2810 1748
1750 1749
1752 1750
1752 1751
1753 1751
1754 1751
1753 1752
1754 1752
1754 1753
2674 1753
2674 1754
1756 1755
1757 1755
1758 1755
1759 1755
3792 1755
1757 1756
1758 1756
1759 1756
1760 1756
3792 1757
3994 1757
1759 1758
2071 1758
3420 1758
2070 1759
2071 1759
2072 1759
3420 1759
3023 1760
3113 1760
4124 1760
2671 1761
3339 1761
3461 1761
3656 1761
1763 1762
3716 1762
1765 1764
1775 1764
3704 1764
1766 1765
1767 1765
1768 1765
1769 1765
1770 1765
1768 1766
2080 1766
2081 1766
1768 1767
2080 1767
2081 1767
3931 1767
2080 1768
2081 1768
3931 1768
1770 1769
3800 1769
2804 1770
2806 1770
3800 1770
1772 1771
1773 1771
1774 1771
2746 1772
3166 1772
3502 1772
1927 1773
1928 1773
2338 1773
2340 1773
3758 1773
2746 1774
2747 1774
1776 1775
2138 1775
3677 1775
1777 1776
1778 1776
1779 1776
1780 1776
1778 1777
2139 1777
2469 1777
1779 1778
1780 1778
1780 1779
3238 1779
3239 1779
3238 1780
1782 1781
3777 1781
1783 1782
2388 1782
2389 1782
3777 1782
1784 1783
2388 1783
2372 1784
1786 1785
1787 1785
1787 1786
3213 1786
3654 1786
3115 1787
3654 1787
3655 1787
3061 1789
3062 1789
1791 1790
1792 1790
1793 1790
1793 1791
3711 1791
1793 1792
3092 1792
3428 1793
3823 1793
1795 1794
1796 1794
1981 1794
2096 1794
2097 1794
2098 1794
2834 1794
1796 1795
1981 1796
2097 1796
2098 1796
2495 1796
2834 1796
2251 1798
3912 1798
3913 1798
1800 1799
3563 1799
3577 1799
3579 1799
3579 1800
2129 1801
2131 1801
1803 1802
1852 1802
1969 1802
2331 1802
1804 1803
1969 1803
1970 1803
1970 1804
2516 1804
2519 1804
3079 1805
3081 1805
3583 1805
3148 1806
3149 1806
3150 1806
3149 1807
3302 1807
3303 1807
1809 1808
1811 1808
2923 1808
1810 1809
1811 1809
1812 1809
1812 1810
3588 1810
2715 1811
3529 1811
3588 1812
3589 1812
1814 1813
1815 1813
1816 1813
1817 1813
1818 1813
1815 1814
1816 1814
1817 1814
1817 1815
4079 1815
1817 1816
1818 1816
2482 1816
2484 1816
1818 1817
2484 1817
2482 1818
2483 1818
2484 1818
1820 1819
1821 1819
1822 1819
1823 1819
1824 1819
1825 1819
1821 1820
4002 1820
1822 1821
1823 1821
1825 1821
3297 1821
1823 1822
1824 1822
1998 1822
1824 1823
1998 1823
1998 1824
3297 1825
3299 1825
2570 1826
3989 1826
2639 1827
3792 1827
2109 1828
2874 1828
2956 1828
1830 1829
1831 1829
1831 1830
1833 1832
1834 1832
3122 1832
1834 1833
3835 1834
3836 1834
3485 1835
3580 1835
3581 1835
1837 1836
1838 1836
1839 1836
1838 1837
1839 1837
1839 1838
2891 1838
2892 1838
3502 1838
2890 1839
2891 1839
2892 1839
1841 1840
1842 1840
2909 1841
2910 1841
4048 1842
4056 1842
1844 1843
1845 1843
1846 1843
1847 1843
1846 1844
2099 1844
2532 1844
3283 1844
3509 1844
1846 1845
2286 1845
3508 1845
3509 1845
3510 1845
2099 1846
2102 1846
2532 1846
3509 1846
3837 1846
3062 1847
3510 1847
1849 1848
1850 1848
1850 1849
2530 1849
2688 1849
3691 1849
2621 1850
2691 1851
1853 1852
1854 1852
1856 1852
2331 1852
1854 1853
1855 1853
1856 1853
1855 1854
1856 1854
2653 1854
2654 1854
3398 1854
2199 1855
3398 1855
3399 1855
2331 1856
2655 1856
1858 1857
1859 1857
2774 1857
2775 1857
2776 1857
2777 1857
2778 1857
1859 1858
1860 1858
1861 1858
2160 1859
2777 1859
4102 1859
1861 1860
3072 1860
3073 1860
3073 1861
1863 1862
3560 1862
3561 1862
3562 1862
3560 1863
3561 1863
3562 1863
3563 1863
3564 1863
2801 1864
3083 1864
3084 1864
3564 1864
3648 1865
1867 1866
1868 1866
1870 1866
2190 1866
3651 1866
3652 1866
1868 1867
1869 1867
1870 1867
1871 1867
1872 1867
1869 1868
1870 1868
1871 1868
1871 1869
1872 1869
2212 1869
3651 1870
3652 1870
1872 1871
2212 1871
2214 1871
2212 1872
2213 1872
2214 1872
2215 1872
1874 1873
1876 1873
2705 1873
2791 1873
2792 1873
1875 1874
1876 1874
1877 1874
1876 1875
1877 1875
2705 1875
1877 1876
2705 1876
2792 1876
2705 1877
1879 1878
1880 1878
1881 1878
3059 1878
3390 1878
1880 1879
1881 1879
1882 1879
3059 1880
3390 1880
1882 1881
2014 1881
2015 1881
2016 1881
2016 1882
2767 1882
1884 1883
1885 1883
1886 1883
1887 1883
1888 1883
1885 1884
1886 1884
2850 1884
3085 1884
3087 1884
3612 1884
1887 1885
3612 1885
3613 1885
1888 1886
2854 1886
1888 1887
3245 1887
3697 1887
3698 1887
3697 1888
3698 1888
1890 1889
2006 1890
2009 1890
3570 1890
1892 1891
1893 1891
3300 1891
1893 1892
2441 1892
2441 1893
3506 1893
2441 1894
3506 1894
3992 1894
4047 1894
1896 1895
1897 1895
1898 1895
2808 1895
1897 1896
1898 1896
1898 1897
2808 1897
3812 1897
3813 1897
2808 1898
1900 1899
1901 1899
1902 1899
1903 1899
1901 1900
1903 1900
3356 1900
3365 1900
3939 1900
1902 1901
1903 1901
3323 1901
3356 1901
3365 1901
3365 1902
2733 1903
3323 1903
1905 1904
1906 1904
1907 1904
1908 1904
1909 1904
1906 1905
1908 1905
2353 1905
2748 1905
2749 1905
1907 1906
1908 1906
2353 1906
2749 1906
1908 1907
1909 1907
2048 1907
2049 1907
2050 1907
1909 1908
2049 1908
2050 1908
2353 1908
2048 1909
2049 1909
2050 1909
1911 1910
1912 1910
1913 1910
1914 1910
1915 1910
1916 1910
1912 1911
1914 1911
1915 1911
2083 1911
2085 1911
2086 1911
1913 1912
2085 1912
2086 1912
1915 1913
2085 1913
2086 1913
1915 1914
1916 1915
2247 1916
2419 1916
2895 1916
2900 1916
4021 1916
1918 1917
1919 1917
1920 1917
1921 1917
1919 1918
2845 1918
3336 1918
1920 1919
2925 1919
2926 1919
3336 1919
3876 1919
1921 1920
2459 1920
2925 1920
2926 1920
3876 1920
2459 1921
2845 1921
2846 1921
2847 1921
1923 1922
1924 1922
1925 1922
1924 1923
1925 1923
3909 1924
3957 1924
2077 1925
2078 1925
2079 1925
1929 1926
3002 1926
1928 1927
1929 1927
2338 1927
3758 1927
1929 1928
2338 1928
2890 1928
1931 1930
1933 1930
2541 1930
2542 1930
1932 1931
1933 1931
1934 1931
1935 1931
1933 1932
1934 1932
1934 1933
2541 1933
2542 1933
1935 1934
3487 1934
4131 1934
4132 1934
4020 1935
4131 1935
4132 1935
1937 1936
2533 1937
1939 1938
2636 1938
2637 1938
3143 1938
3144 1938
1940 1939
1941 1939
1942 1939
1943 1939
1944 1939
1943 1940
1944 1940
3140 1940
3141 1940
1942 1941
3142 1941
3207 1941
3209 1941
3210 1941
1943 1942
1944 1942
3142 1942
1944 1943
3140 1943
3141 1943
4074 1943
3140 1944
3141 1944
3142 1944
1946 1945
2714 1945
2715 1945
2714 1946
2715 1946
1948 1947
1949 1947
1950 1947
1951 1947
1951 1948
2545 1948
2546 1948
1950 1949
1951 1949
2545 1949
3422 1949
1951 1950
2437 1950
2545 1950
1953 1952
1956 1952
2278 1952
2279 1952
2771 1952
3088 1952
3089 1952
3090 1952
1954 1953
1955 1953
1956 1953
1957 1953
2855 1954
2857 1954
2858 1954
3411 1954
3630 1955
3631 1955
2279 1956
2773 1956
2858 1956
3090 1956
2278 1957
2279 1957
2280 1957
3288 1958
3412 1958
4039 1958
2931 1960
3248 1961
1963 1962
1965 1962
3767 1962
1964 1963
1965 1963
1966 1963
1968 1963
1965 1964
3107 1964
3645 1964
1966 1965
1968 1965
1967 1966
1968 1966
1968 1967
2375 1967
3107 1967
2374 1968
2375 1968
2330 1969
2331 1969
2332 1969
3333 1969
2262 1970
2519 1970
3331 1970
1972 1971
3340 1971
3343 1971
3416 1971
3417 1971
3933 1971
1973 1972
1974 1972
1975 1972
1976 1972
1977 1972
1978 1972
1975 1973
3344 1973
3345 1973
1975 1974
1976 1974
1977 1974
1978 1974
3933 1974
1977 1975
1978 1975
1977 1976
1978 1976
3567 1976
3933 1976
1978 1977
3567 1977
3567 1978
1980 1979
1981 1979
1981 1980
2095 1980
3186 1980
2095 1981
2096 1981
2098 1981
1983 1982
1984 1982
1985 1982
1984 1983
1985 1983
1985 1984
2943 1984
2946 1984
2943 1985
2946 1985
1987 1986
1988 1986
1989 1986
1990 1986
1991 1986
1992 1986
1988 1987
1990 1987
1991 1987
3294 1987
4080 1987
1989 1988
1990 1988
1991 1988
3294 1988
1990 1989
1992 1989
2880 1989
2881 1989
1991 1990
1992 1990
3293 1991
3294 1991
3295 1991
3296 1991
2880 1992
2881 1992
1994 1993
1995 1993
1996 1993
1997 1993
1995 1994
1996 1994
1997 1994
1996 1995
3971 1995
3972 1995
3973 1995
1997 1996
3971 1998
3972 1998
2000 1999
3775 1999
2002 2001
2003 2001
2004 2001
2135 2001
2136 2001
2137 2001
2003 2002
2004 2002
2005 2002
2004 2003
2005 2003
2135 2004
2137 2004
3211 2004
2007 2006
2008 2006
2009 2006
2008 2007
2663 2007
2664 2007
2666 2007
2664 2008
2666 2008
2985 2008
2985 2009
3570 2009
2011 2010
2012 2010
2013 2010
3869 2011
2013 2012
2821 2012
3071 2014
3746 2014
3059 2015
3060 2015
3071 2015
3746 2016
3850 2016
2018 2017
2019 2017
2020 2017
2020 2018
3796 2018
2104 2019
2482 2019
2483 2019
2484 2019
2829 2020
2022 2021
2023 2021
2820 2021
2822 2021
2823 2021
2023 2022
2024 2022
2025 2022
2026 2022
2027 2022
2024 2023
2025 2023
2025 2024
2026 2024
2026 2025
2027 2025
3483 2025
2027 2026
3483 2026
3484 2026
3483 2027
3484 2027
2029 2028
2030 2028
2672 2029
3192 2029
3753 2029
3754 2029
4078 2030
2032 2031
2033 2031
2034 2031
2035 2031
2673 2031
2033 2032
2034 2032
2035 2032
2034 2033
2035 2033
2673 2033
2035 2034
2615 2034
2617 2034
4147 2034
2617 2035
2037 2036
2038 2036
2039 2036
2038 2037
2039 2037
2723 2037
2039 2038
2723 2038
2724 2038
2725 2038
2723 2039
2724 2039
2381 2040
2384 2040
2493 2040
3394 2040
3806 2040
3807 2040
3950 2040
2042 2041
4133 2042
2044 2043
2045 2043
2046 2043
2047 2043
2045 2044
2611 2044
2888 2044
2611 2045
2612 2045
2692 2046
2693 2046
2694 2046
3028 2046
3254 2046
2887 2047
2889 2047
2049 2048
2050 2048
2050 2049
2052 2051
2053 2051
2054 2051
2053 2052
2054 2052
2055 2052
2056 2052
2056 2054
2874 2054
2056 2055
3440 2055
2874 2056
3439 2056
2058 2057
2925 2057
3336 2057
3337 2057
3338 2057
3339 2057
2059 2058
2060 2058
2061 2058
2060 2059
2061 2059
2061 2060
3136 2060
3136 2061
3138 2061
3190 2061
3419 2061
2063 2062
2065 2064
2066 2064
3093 2065
3716 2066
2068 2067
2069 2067
2702 2067
2069 2068
2699 2069
2702 2069
2071 2070
2072 2070
2073 2070
2074 2070
2075 2070
2076 2070
2072 2071
2074 2071
2076 2071
3664 2071
2073 2072
2074 2072
2075 2072
2076 2072
2074 2073
2075 2073
3794 2073
4106 2073
2075 2074
2076 2074
3664 2074
3794 2075
2078 2077
2276 2077
3351 2077
2079 2078
2276 2078
3351 2078
3616 2079
3617 2079
3870 2079
2081 2080
3931 2080
3931 2081
2083 2082
2243 2082
3103 2082
3105 2082
3547 2082
2084 2083
2085 2083
2086 2083
2242 2084
2243 2084
2244 2084
2086 2085
2088 2087
2089 2087
2090 2087
2089 2088
2090 2088
2090 2089
3665 2089
3666 2089
3667 2089
2092 2091
2093 2091
2094 2091
2093 2092
3382 2092
3383 2092
2094 2093
2401 2093
3382 2093
2540 2094
2096 2095
3186 2095
2097 2096
2098 2096
2098 2097
2494 2097
2495 2097
2834 2098
2100 2099
2101 2099
2102 2099
2103 2099
2261 2100
3478 2100
3837 2100
3852 2100
4056 2100
2102 2101
3409 2101
3478 2101
2103 2102
3409 2102
2529 2103
2531 2103
2532 2103
2482 2104
2483 2104
2106 2105
2154 2105
3797 2105
3798 2105
3026 2106
2109 2107
2110 2107
2111 2107
2112 2107
2113 2107
2109 2108
2110 2108
2956 2108
2958 2108
3071 2108
2110 2109
2956 2109
2112 2111
2113 2111
2113 2112
4008 2112
4008 2113
2116 2114
2117 2114
3248 2114
3249 2114
3843 2114
2116 2115
2117 2115
3745 2115
3776 2115
4067 2115
2117 2116
3249 2116
3624 2116
3676 2116
3776 2116
3843 2116
3248 2117
3249 2117
2119 2118
2875 2119
3692 2119
2122 2121
2123 2121
2124 2121
2125 2121
2123 2122
2124 2122
2125 2122
2126 2122
2264 2123
2125 2124
2126 2124
2126 2125
3056 2126
3057 2126
3058 2126
2128 2127
3121 2128
2130 2129
2131 2129
2131 2130
3199 2130
3200 2130
2633 2131
2133 2132
2134 2132
2134 2133
3098 2133
3098 2134
3100 2134
2136 2135
2137 2135
3211 2135
2137 2136
3941 2136
3211 2137
2139 2138
2469 2139
2769 2139
2141 2140
2142 2140
2143 2140
3155 2140
2142 2141
2143 2141
2143 2142
2144 2142
3612 2143
3613 2143
2832 2144
2833 2144
3613 2144
2146 2145
2521 2145
2522 2145
2842 2145
2147 2146
2148 2146
2148 2147
2208 2147
2209 2147
2210 2147
2208 2148
2210 2148
2150 2149
2151 2149
2152 2149
2151 2150
2837 2152
3844 2152
2154 2153
2155 2153
2156 2153
3542 2153
3951 2153
4068 2153
4072 2153
2155 2154
2156 2154
3729 2155
3797 2155
3951 2155
4068 2155
3177 2156
3542 2156
3545 2156
2158 2157
2159 2157
2160 2157
2161 2157
2160 2158
2191 2158
2195 2158
2196 2158
3569 2159
2161 2160
2777 2160
4102 2160
2964 2161
4102 2161
2163 2162
2165 2162
4058 2162
2165 2163
2165 2164
3123 2164
3123 2165
2167 2166
2168 2166
2170 2166
2171 2166
3268 2166
2168 2167
2169 2167
2170 2167
2171 2167
2172 2167
2173 2167
2171 2168
3250 2168
3268 2168
3269 2168
2170 2169
2172 2169
2173 2169
2171 2170
2172 2170
2173 2170
2173 2171
3268 2171
2173 2172
2929 2172
2930 2172
2930 2173
2175 2174
2176 2174
2177 2174
2176 2175
2177 2175
3818 2175
2177 2176
2961 2176
2963 2176
2964 2176
2961 2177
2179 2178
2180 2178
3884 2178
2180 2179
2181 2179
2182 2179
2817 2180
2818 2180
2182 2181
2995 2181
3421 2181
2995 2182
3198 2182
3421 2182
3620 2182
3621 2182
2184 2183
2185 2183
2186 2183
2187 2183
2185 2184
3377 2184
3378 2184
2186 2185
2187 2185
2293 2185
2187 2186
2293 2186
3377 2186
3377 2187
3378 2187
2189 2188
3240 2189
2873 2190
3651 2190
3652 2190
2192 2191
2193 2191
2194 2191
2195 2191
2196 2191
2197 2191
2198 2191
2193 2192
2197 2192
2717 2192
2195 2193
2775 2193
2197 2194
2198 2194
2299 2194
2300 2194
2301 2194
2303 2194
2717 2194
2196 2195
2775 2195
2777 2195
2198 2196
2967 2196
3513 2197
2301 2198
2303 2198
2959 2198
2200 2199
3399 2199
3400 2199
2201 2200
2202 2200
2202 2201
3926 2201
3927 2201
3400 2202
3926 2202
2204 2203
2205 2203
2206 2203
2207 2203
2205 2204
2207 2204
2352 2204
2986 2204
2206 2205
2207 2205
2986 2205
2207 2206
2986 2207
2209 2208
2210 2208
2210 2209
2213 2212
2214 2212
2215 2212
2214 2213
2215 2213
2216 2213
2215 2214
2218 2217
2219 2217
3045 2217
3050 2217
2219 2218
3047 2218
3050 2218
2866 2220
2222 2221
2248 2221
2249 2221
2223 2222
2224 2222
2224 2223
2869 2223
2872 2223
2226 2225
2228 2225
3442 2225
3654 2225
3735 2225
2227 2226
2228 2226
2229 2226
2230 2226
2229 2227
2230 2227
2423 2227
2424 2227
2425 2227
3735 2228
4022 2228
2230 2229
2613 2229
3833 2229
2424 2230
2232 2231
2233 2231
2234 2231
2235 2231
2236 2231
2237 2231
2233 2232
2520 2232
2234 2233
2235 2234
2322 2234
3787 2234
3327 2235
2237 2236
2520 2237
2239 2238
2240 2238
2683 2238
2684 2238
2685 2238
2686 2238
2687 2238
2240 2239
2600 2240
3140 2241
3141 2241
3962 2241
2244 2242
2405 2242
2406 2242
2859 2242
3081 2243
3105 2243
2859 2244
2860 2244
3079 2244
3081 2244
2246 2245
3619 2245
3979 2245
4011 2245
2248 2247
4021 2247
2249 2248
2648 2249
2251 2250
3582 2250
2253 2252
2254 2252
2255 2252
2254 2253
2255 2253
3914 2253
3915 2253
2255 2254
3914 2254
3915 2254
3914 2255
3915 2255
2257 2256
2258 2256
2258 2257
2259 2258
3518 2259
3916 2259
2261 2260
3837 2261
4056 2261
2263 2262
2265 2262
2266 2262
2841 2262
2264 2263
2265 2263
2266 2263
2265 2264
2266 2264
3188 2264
2518 2265
2519 2265
3188 2265
3189 2265
3694 2266
3696 2266
2268 2267
2269 2267
2270 2267
2271 2267
2269 2268
3225 2268
3682 2268
3739 2268
3740 2268
3849 2268
2270 2269
3740 2269
2271 2270
3289 2270
3740 2270
3741 2270
4012 2270
2789 2271
3180 2272
2275 2273
3512 2274
3514 2274
3935 2275
2277 2276
3349 2276
3351 2276
2797 2277
3352 2277
3870 2277
2279 2278
2280 2278
3631 2278
2280 2279
3089 2279
3090 2279
2283 2281
2284 2281
2951 2281
2283 2282
2284 2282
3829 2282
2284 2283
3829 2283
2286 2285
2287 2285
3220 2286
3508 2286
3220 2287
2289 2288
2290 2288
2291 2288
2292 2288
2293 2288
2290 2289
2291 2289
2292 2289
3430 2289
3434 2289
2291 2290
2292 2290
2476 2290
4000 2290
4001 2290
3431 2291
4000 2291
4001 2291
2293 2292
2462 2293
2295 2294
2296 2294
2297 2294
2298 2294
3267 2295
3628 2295
2298 2296
3401 2296
3492 2296
2298 2297
2615 2297
2616 2297
2617 2297
3161 2297
3161 2298
3162 2298
3401 2298
2300 2299
2301 2299
2302 2299
2303 2299
2302 2300
2302 2301
2303 2301
2303 2302
2959 2303
2305 2304
2306 2304
2307 2304
2308 2304
2309 2304
2310 2304
2306 2305
2307 2305
3152 2305
2309 2307
2310 2307
2955 2308
3254 2308
2310 2309
2611 2309
2612 2309
2611 2310
2612 2310
3264 2311
2313 2312
3319 2313
3490 2313
3491 2313
2315 2314
2316 2314
2317 2314
2318 2314
2317 2315
2318 2315
2436 2316
2439 2316
2877 2316
2968 2316
2969 2316
3801 2316
2318 2317
3993 2317
3602 2318
3993 2318
2320 2319
2321 2319
2321 2320
3521 2320
2748 2321
2749 2321
2323 2322
2324 2322
2325 2322
2984 2322
3787 2322
2324 2323
2325 2323
2326 2323
2325 2324
2326 2324
2327 2324
2328 2324
2329 2324
2326 2325
2984 2325
2329 2326
2328 2327
2329 2328
3717 2329
2331 2330
2332 2330
2333 2330
2332 2331
2491 2331
2491 2332
2492 2332
3646 2333
3647 2333
3946 2333
2335 2334
3456 2334
3470 2334
4030 2334
2659 2335
3456 2335
2337 2336
3692 2337
2340 2338
3427 2338
3758 2338
2341 2339
3758 2339
2341 2340
2838 2340
3423 2340
3424 2340
3427 2340
3758 2340
2838 2341
2343 2342
2344 2342
2345 2342
2346 2342
2344 2343
2345 2343
2757 2343
2758 2343
2759 2343
2345 2344
2346 2344
2758 2344
2759 2344
2346 2345
2759 2345
2348 2347
2350 2347
2351 2347
2986 2347
3327 2347
3808 2347
2349 2348
2350 2348
2351 2348
2352 2348
2350 2349
2351 2349
3327 2349
3808 2349
2351 2350
2352 2351
3327 2351
3808 2351
2986 2352
2749 2353
2355 2354
2356 2354
2357 2354
2358 2354
2356 2355
2357 2355
2358 2355
3097 2355
2357 2356
3097 2356
3741 2356
3902 2356
2358 2357
3902 2357
3848 2358
2360 2359
2361 2359
2362 2359
2363 2359
2364 2359
2361 2360
2362 2360
3233 2360
3234 2360
3237 2360
2362 2361
2363 2361
2364 2361
2363 2362
3237 2362
2364 2363
3891 2365
2367 2366
2368 2366
2727 2367
2765 2367
3815 2367
2684 2368
2763 2368
2765 2368
2370 2369
2371 2369
2372 2369
2373 2369
2371 2370
2373 2370
2876 2370
2878 2370
2373 2371
2876 2371
2878 2371
2373 2372
3301 2373
2375 2374
2376 2374
2377 2374
2378 2374
2379 2374
2376 2375
2377 2375
2379 2375
3201 2375
2379 2376
3107 2376
3108 2376
3109 2376
3208 2376
2378 2377
2379 2377
3201 2377
2379 2378
2580 2378
3201 2379
2381 2380
2382 2380
2383 2380
2382 2381
2383 2381
2384 2381
2493 2381
3394 2381
3806 2381
3950 2381
2383 2382
2384 2382
2384 2383
2493 2383
3394 2383
2493 2384
3394 2384
2386 2385
2387 2385
2387 2386
2884 2386
3286 2386
2884 2387
3473 2387
2389 2388
2390 2388
2390 2389
3777 2390
2392 2391
3051 2391
3943 2391
2393 2392
2890 2393
2892 2393
2893 2393
2894 2393
4113 2393
2395 2394
2396 2394
2475 2394
2396 2395
2397 2395
2398 2395
2399 2395
2400 2395
2400 2396
2399 2397
2400 2397
2758 2397
3290 2397
3291 2397
2399 2398
3082 2398
3278 2398
3279 2398
2400 2399
2508 2399
2989 2399
3082 2399
2507 2400
2508 2400
3324 2400
3252 2401
3383 2401
3465 2401
2403 2402
2404 2402
3863 2403
3990 2403
3668 2404
3863 2404
2406 2405
2408 2407
2409 2407
3599 2408
3280 2409
2412 2410
2413 2410
2414 2410
2412 2411
3156 2411
3157 2411
2414 2412
2414 2413
3024 2413
2443 2414
3838 2414
2417 2416
2537 2416
2538 2416
2479 2417
2538 2417
3387 2417
2419 2418
2895 2419
2897 2419
2900 2419
2421 2420
2422 2420
2423 2420
2424 2420
2425 2420
2422 2421
2423 2421
2863 2421
2865 2421
2423 2422
2863 2422
3934 2422
2425 2423
2425 2424
3725 2424
3726 2424
3725 2425
3726 2425
2427 2426
2428 2426
2428 2427
3274 2427
3275 2427
3274 2428
3277 2428
2430 2429
2431 2429
2432 2429
2431 2430
2432 2430
2561 2432
2434 2433
2435 2433
2435 2434
3204 2434
3206 2434
3929 2434
2437 2436
2438 2436
2439 2436
2440 2436
2438 2437
2439 2437
3769 2437
3770 2437
3801 2437
2547 2438
3173 2438
3175 2438
3769 2438
3770 2438
3770 2439
3801 2439
3175 2440
4062 2440
3506 2441
3992 2441
2443 2442
2445 2442
2446 2442
2447 2442
2448 2442
2829 2443
2830 2443
3838 2443
2445 2444
2446 2444
2447 2444
4045 2444
4046 2444
2446 2445
2447 2445
2448 2445
2447 2446
4045 2446
4046 2446
2448 2447
3698 2447
3223 2448
2450 2449
2451 2449
2451 2450
3281 2451
3282 2451
2453 2452
2456 2452
2457 2452
3840 2452
3841 2452
2454 2453
2455 2453
2456 2453
2457 2453
2455 2454
2992 2454
2994 2454
3020 2454
3114 2454
2994 2455
3018 2455
3019 2455
3020 2455
2457 2456
3734 2456
3735 2456
4022 2456
3114 2457
3735 2457
4043 2457
2459 2458
2460 2458
2846 2459
2927 2459
2846 2460
3814 2460
2462 2461
2463 2461
2464 2461
2465 2461
2476 2461
3953 2461
2463 2462
2464 2462
2465 2462
2466 2462
2465 2463
3953 2463
2465 2464
2466 2464
2466 2465
2476 2466
2477 2466
2468 2467
2469 2467
3677 2467
2469 2468
2470 2468
2471 2468
2470 2469
3677 2469
3743 2471
2473 2472
2474 2472
2681 2473
2682 2473
3810 2474
3063 2475
3064 2475
3065 2475
3066 2475
3067 2475
2477 2476
2812 2476
2811 2477
2812 2477
3669 2477
3703 2477
2479 2478
2480 2478
2990 2478
3937 2478
2480 2479
2481 2479
2481 2480
2508 2480
2509 2480
2989 2480
2990 2480
3459 2481
2483 2482
2484 2482
2484 2483
2486 2485
2487 2485
2488 2485
2489 2485
2490 2485
2487 2486
2488 2486
2489 2486
2490 2486
2839 2486
2488 2487
2490 2487
2839 2487
2490 2488
2839 2488
2490 2489
2839 2490
3232 2490
2492 2491
2655 2491
2657 2491
3075 2491
3076 2491
3075 2492
3076 2492
3394 2493
3950 2493
2495 2494
2496 2494
2496 2495
2498 2497
2499 2497
2500 2497
2501 2497
2499 2498
2500 2498
2501 2498
3139 2498
2500 2499
3139 2499
3754 2499
3780 2499
2501 2500
3193 2501
3660 2501
2504 2503
2505 2503
2506 2503
2505 2504
2831 2504
2832 2504
2966 2504
2506 2505
3245 2505
3613 2505
3245 2506
3246 2506
2508 2507
2509 2507
2510 2507
2509 2508
2989 2508
3459 2509
2690 2510
2512 2511
2513 2511
2514 2511
2515 2511
2513 2512
2861 2512
2514 2513
2861 2513
3686 2513
2515 2514
3000 2514
3001 2514
2517 2516
2518 2516
2519 2516
2738 2517
2519 2518
3187 2518
3188 2518
3189 2518
3122 2520
2522 2521
2523 2521
2842 2522
2844 2522
3683 2523
3684 2523
3822 2524
2526 2525
2527 2525
2977 2525
4119 2525
2527 2526
2528 2526
2528 2527
2747 2527
2977 2527
3938 2527
4119 2527
4064 2528
2530 2529
2531 2529
2688 2530
3691 2530
4066 2530
3691 2531
2774 2532
2775 2532
3283 2532
3096 2534
3097 2534
2536 2535
3956 2535
4017 2535
3956 2536
4017 2536
2538 2537
3385 2537
3387 2537
3386 2538
3387 2538
3533 2539
2582 2540
2542 2541
2996 2541
2937 2542
2996 2542
3559 2542
2544 2543
2545 2543
2546 2543
2547 2543
2545 2544
2546 2544
2658 2544
2546 2545
2658 2546
3170 2547
3171 2547
3769 2547
3770 2547
2549 2548
3953 2548
2550 2549
2551 2549
2551 2550
3018 2550
3752 2550
3018 2551
3019 2551
3755 2551
2553 2552
2554 2552
2555 2552
2556 2552
2557 2552
2554 2553
2555 2553
2804 2553
2805 2553
2807 2553
2555 2554
2556 2554
2557 2554
2556 2555
2557 2555
2945 2555
2947 2555
3998 2555
2557 2556
2947 2556
3998 2556
2947 2557
2559 2558
2560 2558
2561 2558
2561 2559
3162 2559
3261 2559
3179 2560
3261 2561
2563 2562
2564 2562
2565 2562
3231 2562
3232 2562
2564 2563
2565 2563
3231 2563
3232 2563
2565 2564
2566 2564
3232 2564
2566 2565
2568 2567
2569 2567
3546 2567
3918 2567
2569 2568
2570 2568
2571 2568
2571 2569
3546 2569
3745 2569
3776 2569
2942 2570
3592 2571
3676 2571
3776 2571
3154 2573
3503 2573
2575 2574
2576 2574
2577 2574
2726 2574
2727 2574
2576 2575
2577 2575
2578 2575
2579 2575
2578 2576
2726 2576
3674 2576
3675 2576
3987 2576
2579 2577
2727 2577
2781 2577
3815 2577
3598 2578
2780 2579
2781 2579
2782 2579
3458 2579
2581 2580
2582 2580
3270 2581
2584 2583
3190 2583
3191 2583
3493 2583
3494 2583
3493 2584
2586 2585
2587 2585
2588 2585
2589 2585
2590 2585
2591 2585
2587 2586
2588 2586
3650 2586
3757 2586
2588 2587
2590 2587
3650 2587
2589 2588
2590 2588
3650 2588
2590 2589
2591 2589
3795 2589
3796 2589
2591 2590
3795 2590
3795 2591
3796 2591
2593 2592
2594 2592
2596 2592
2675 2592
2594 2593
2595 2593
2596 2593
2596 2594
2628 2594
2675 2594
3885 2595
3886 2595
3887 2595
3949 2595
3885 2596
2598 2597
3847 2597
2599 2598
3809 2599
2962 2600
2963 2600
2602 2601
2603 2601
2604 2601
2605 2601
2603 2602
2605 2602
2688 2602
3362 2602
3363 2602
2688 2603
3634 2604
3685 2604
3363 2605
2607 2606
2608 2606
2609 2606
2610 2606
2609 2607
2610 2607
3944 2607
2609 2608
2610 2608
3982 2608
3983 2608
2610 2609
3983 2609
3944 2610
3983 2610
2612 2611
3833 2613
3397 2614
2616 2615
2617 2615
2617 2616
3368 2617
2619 2618
2620 2618
2621 2618
3182 2619
3183 2619
3184 2619
2621 2620
3584 2620
3585 2620
3586 2620
3584 2621
3585 2621
3586 2621
2624 2622
3007 2622
3434 2622
3548 2622
3549 2622
4027 2622
2625 2623
3008 2623
2625 2624
3007 2624
3008 2624
3009 2624
3008 2625
2627 2626
2628 2626
2979 2626
2628 2627
2629 2627
2630 2627
2631 2627
2629 2628
2979 2628
2630 2629
2631 2629
2631 2630
3098 2632
3099 2632
3100 2632
2635 2634
2637 2634
2638 2634
2660 2634
2662 2634
2665 2634
2638 2635
2660 2635
2662 2635
2665 2635
2637 2636
2638 2636
3143 2636
3144 2636
2638 2637
3020 2637
3144 2637
2665 2638
3021 2639
3022 2639
3113 2639
3792 2639
2642 2641
3520 2642
2644 2643
2645 2643
3147 2643
3932 2643
3996 2643
2645 2644
2646 2644
2647 2644
2646 2645
2647 2645
3932 2645
3996 2645
2647 2646
3996 2646
3094 2647
2879 2648
3334 2648
3828 2648
2651 2650
2652 2650
2652 2651
4114 2651
3360 2652
3362 2652
2654 2653
2655 2654
2656 2654
2656 2655
2657 2656
3010 2657
2661 2660
2662 2660
2664 2660
2665 2660
2666 2660
2662 2661
2663 2661
2664 2661
2663 2662
2664 2662
2665 2662
2664 2663
2665 2664
2666 2664
2666 2665
2668 2667
3457 2667
3868 2667
3457 2668
3565 2669
2671 2670
2672 2670
3461 2671
3754 2672
2677 2676
2678 2676
2679 2676
2680 2676
2681 2676
2682 2676
2678 2677
2679 2677
2680 2677
2681 2677
3992 2677
4047 2677
2679 2678
3506 2678
3992 2678
4047 2678
2680 2679
2681 2679
2682 2679
4047 2679
2681 2680
2682 2680
2682 2681
2684 2683
2965 2683
3017 2683
2965 2684
3017 2684
2686 2685
2763 2685
2764 2685
3958 2685
2687 2686
3894 2686
3958 2686
3582 2687
3894 2687
3691 2688
4066 2688
4114 2688
4064 2689
3323 2690
3324 2690
2693 2692
2694 2692
2694 2693
2889 2693
3028 2693
2889 2694
2696 2695
3853 2695
3854 2695
2697 2696
3853 2696
2699 2698
2700 2698
2701 2698
2702 2698
2703 2698
2700 2699
2701 2699
2702 2699
3895 2699
2701 2700
3895 2700
3768 2701
3895 2701
3896 2701
4033 2701
2703 2702
3886 2702
3886 2703
2790 2704
2791 2705
2792 2705
2708 2707
3146 2707
3221 2707
3959 2707
2709 2708
2710 2708
2711 2708
2712 2708
2713 2708
2711 2709
2712 2709
3508 2710
3510 2710
3811 2710
2712 2711
2713 2711
3176 2711
4093 2711
4094 2711
2713 2712
3176 2712
3176 2713
4093 2713
4094 2713
2715 2714
3529 2715
3543 2715
2721 2719
2948 2719
2949 2719
2722 2720
3243 2720
3472 2720
3920 2720
2948 2721
2949 2721
3243 2722
3471 2722
3472 2722
3920 2722
2724 2723
2725 2723
3405 2723
3928 2723
2725 2724
3405 2724
3406 2724
3928 2724
3928 2725
2727 2726
2885 2726
2886 2726
3674 2726
2885 2727
3815 2727
2729 2728
2730 2728
2731 2728
2730 2729
2731 2729
2732 2729
2731 2730
3035 2730
2732 2731
2867 2731
3035 2731
3701 2731
3715 2731
3701 2732
3702 2732
2735 2734
2949 2736
2832 2737
2833 2737
2739 2738
3908 2738
2835 2739
3908 2739
2835 2740
2742 2741
2743 2741
2744 2741
3856 2741
3858 2741
2743 2742
2744 2742
2745 2742
2744 2743
3856 2743
3858 2743
3858 2744
2977 2747
2749 2748
3521 2748
3521 2749
2751 2750
2753 2752
2754 2752
2755 2752
2756 2752
2769 2753
2755 2754
2756 2754
2805 2754
3683 2754
3684 2754
2756 2755
3683 2755
3684 2755
2758 2757
2759 2757
3290 2757
3291 2757
3292 2757
2759 2758
3290 2758
3292 2758
3290 2759
3292 2759
2761 2760
2762 2760
2762 2761
3577 2761
3578 2761
4111 2761
4141 2761
4110 2762
4111 2762
4141 2762
2764 2763
2765 2763
2766 2763
2766 2764
3958 2764
4089 2764
2766 2765
2885 2765
2885 2766
2886 2766
2768 2767
3274 2767
3275 2767
3276 2768
3277 2768
3440 2768
2771 2770
2772 2770
2773 2770
2772 2771
2773 2771
3089 2771
2773 2772
2858 2772
3090 2773
2775 2774
2776 2774
3283 2774
2777 2775
2778 2776
3817 2776
3817 2778
2780 2779
2781 2779
4104 2779
2781 2780
2782 2780
3458 2780
2782 2781
4104 2781
3637 2782
4049 2782
2784 2783
3110 2783
3111 2783
3112 2783
2785 2784
2786 2784
2787 2784
2788 2784
3110 2785
3111 2785
3112 2785
2787 2786
2788 2786
2788 2787
3469 2787
4029 2787
3456 2788
3469 2788
4030 2788
3127 2789
3129 2789
3130 2789
3131 2789
3132 2789
3625 2790
3626 2790
2792 2791
2794 2793
2836 2793
2796 2794
2798 2794
2797 2795
3857 2795
2798 2796
3352 2797
3857 2797
3658 2798
3766 2798
3874 2798
2800 2799
2801 2799
2802 2799
2803 2799
2801 2800
2802 2800
2803 2800
3083 2800
3084 2800
2802 2801
3084 2801
2803 2802
3662 2802
3354 2803
3661 2803
3662 2803
4004 2803
2805 2804
2806 2804
2807 2804
3683 2805
3238 2806
3800 2806
4144 2809
3260 2810
2812 2811
3703 2812
2814 2813
2815 2813
2816 2813
2817 2813
2818 2813
2819 2813
2815 2814
2816 2814
4105 2814
4137 2814
4138 2814
2816 2815
2817 2815
2819 2815
2819 2816
2818 2817
2819 2817
3435 2817
2821 2820
2822 2820
2823 2820
4035 2821
4036 2821
2823 2822
2825 2824
2827 2826
2828 2826
3288 2826
2828 2827
3288 2827
4039 2827
3288 2828
4039 2828
2830 2829
2832 2831
2966 2831
3329 2831
3330 2831
2833 2832
2837 2836
3844 2837
3917 2838
2841 2840
2843 2840
2844 2840
2843 2842
2844 2843
3684 2844
2847 2845
3419 2845
2847 2846
3814 2846
3190 2847
3419 2847
3494 2847
2849 2848
2850 2848
2851 2848
2852 2848
2853 2848
2854 2848
2850 2849
2853 2849
3155 2849
2851 2850
2852 2850
2852 2851
2854 2851
2854 2852
3155 2853
2856 2855
2857 2855
2858 2855
2857 2856
3687 2856
3410 2857
3687 2857
3966 2857
4069 2857
2860 2859
3079 2860
3080 2860
3686 2861
4053 2861
2863 2862
3688 2862
3934 2862
4081 2862
2864 2863
2865 2863
2865 2864
3181 2864
3688 2864
3689 2864
2868 2866
2868 2867
3035 2867
3715 2867
3715 2868
2870 2869
2871 2869
2872 2869
2873 2869
2871 2870
2872 2870
2873 2870
3629 2870
2872 2871
2873 2871
2898 2871
2900 2871
3629 2871
4021 2871
3629 2873
3439 2875
3692 2875
2877 2876
2878 2876
2878 2877
2968 2877
2969 2877
3801 2877
2968 2878
2969 2878
2999 2879
3334 2879
3828 2879
3672 2880
3672 2881
2883 2882
2884 2882
3286 2882
4112 2882
3286 2884
4112 2884
2886 2885
3673 2886
3674 2886
3820 2886
2888 2887
2889 2887
3028 2888
2891 2890
2892 2890
2893 2890
2894 2890
2892 2891
2894 2891
2894 2892
4113 2892
3002 2893
3002 2894
2896 2895
2897 2895
2898 2895
2899 2895
2900 2895
2897 2896
2899 2896
2900 2896
2899 2897
2900 2897
2900 2898
3003 2898
3629 2898
3003 2899
2902 2901
3627 2901
2904 2903
2905 2903
3455 2903
2905 2904
2906 2904
2907 2904
2908 2904
2907 2905
2908 2905
3455 2905
2908 2906
3040 2906
3042 2906
3527 2906
2908 2907
3042 2907
3455 2907
3527 2907
3042 2908
3527 2908
2910 2909
2911 2910
3145 2911
3356 2912
3357 2912
2914 2913
2915 2913
2916 2913
2917 2913
2918 2913
2919 2913
2920 2913
2915 2914
3117 2914
3120 2914
3121 2914
2916 2915
2917 2915
2920 2915
3121 2915
2917 2916
3120 2916
3121 2916
2918 2917
2919 2917
2920 2917
2919 2918
2920 2918
3372 2918
3699 2918
2920 2919
3370 2919
3699 2919
3699 2920
2922 2921
2923 2922
3234 2923
2925 2924
2926 2924
2927 2924
2928 2924
2926 2925
3336 2925
3338 2925
2927 2926
3876 2926
3670 2929
3963 2929
4059 2929
3670 2930
3238 2931
3800 2931
2933 2932
2935 2934
2936 2934
2938 2934
2939 2934
2936 2935
2937 2935
2938 2935
2939 2935
2938 2936
2939 2936
4077 2936
2938 2937
2996 2937
3559 2937
2939 2938
2996 2938
3559 2938
3559 2939
4075 2939
2941 2940
2942 2940
3391 2941
3392 2941
3393 2941
3392 2942
4097 2942
2944 2943
2945 2943
2946 2943
2945 2944
2946 2944
2947 2944
2946 2945
2947 2945
3998 2945
3998 2947
2949 2948
2951 2950
2952 2950
3249 2950
3622 2950
3624 2950
2952 2951
3622 2952
2954 2953
2955 2954
3254 2955
2957 2956
2958 2956
2958 2957
3059 2957
3060 2957
2961 2960
2962 2960
2963 2960
2964 2960
2965 2960
2962 2961
2963 2961
2964 2961
2963 2962
2964 2962
2964 2963
3774 2964
4102 2964
3015 2965
3017 2965
3165 2965
3712 2966
2969 2968
3801 2968
3801 2969
2971 2970
2972 2970
2973 2970
2974 2970
2975 2970
3504 2970
2972 2971
2973 2971
2974 2971
2975 2971
2973 2972
2974 2972
3077 2972
2974 2973
2975 2973
3504 2973
3505 2973
3077 2974
3504 2975
3505 2975
4026 2975
2991 2976
2979 2978
2981 2978
2983 2978
2981 2980
2982 2980
2982 2981
2983 2982
3871 2982
3903 2983
2988 2987
3614 2988
3783 2988
2990 2989
3082 2989
3937 2989
3937 2990
2993 2992
2994 2992
3755 2992
3884 2992
2994 2993
2995 2993
3020 2994
3114 2994
3115 2994
3116 2994
3198 2995
3559 2996
2998 2997
3632 2997
2999 2998
3001 3000
3590 3000
3592 3000
3622 3000
3623 3000
3622 3001
3666 3002
3690 3002
3005 3004
3006 3004
3483 3005
3484 3005
4034 3005
3549 3007
4027 3007
3009 3008
3011 3010
3012 3010
3013 3010
3012 3011
3013 3011
3013 3012
3507 3012
3507 3013
3016 3015
3017 3015
3164 3016
3165 3016
3970 3016
3019 3018
3755 3018
3020 3019
3752 3019
3114 3020
3143 3020
3144 3020
3022 3021
3023 3021
3023 3022
3113 3022
3113 3023
3025 3024
3026 3024
3026 3025
3834 3025
4107 3025
3834 3026
4107 3026
3028 3027
3030 3029
3031 3029
3032 3029
3033 3029
3034 3029
3033 3031
3335 3031
3367 3032
3034 3033
3335 3033
3037 3036
3038 3036
3039 3036
3766 3038
3041 3040
3042 3040
3043 3040
3527 3040
3042 3041
3043 3041
3044 3041
3043 3042
3044 3042
3527 3042
3044 3043
3046 3045
3047 3045
3048 3045
3049 3045
3050 3045
3047 3046
3473 3046
3474 3046
3048 3047
3049 3047
3050 3047
3049 3048
3050 3048
3052 3051
3053 3051
3054 3051
3055 3051
4113 3052
3054 3053
3055 3053
3055 3054
3166 3055
3058 3056
3497 3056
3498 3056
3499 3056
3500 3056
3507 3056
3058 3057
3188 3057
3189 3057
3500 3057
3497 3058
3498 3058
3500 3058
3060 3059
3390 3059
3071 3060
3062 3061
3568 3061
3064 3063
3065 3063
3065 3064
3067 3064
3067 3065
3067 3066
3732 3066
4134 3066
4135 3066
4134 3067
4135 3067
3069 3068
3070 3068
3070 3069
3791 3069
3994 3069
3627 3070
3994 3070
3073 3072
3253 3074
3678 3074
3078 3077
3778 3078
3080 3079
3081 3079
3583 3081
3084 3083
3562 3083
3564 3083
3564 3084
3086 3085
3087 3085
3087 3086
3156 3086
3872 3086
3873 3086
3873 3087
3822 3088
3090 3089
3531 3091
3727 3092
3760 3092
3839 3095
3841 3095
3881 3095
3097 3096
3902 3097
3100 3098
3953 3098
3100 3099
3905 3099
3483 3100
3102 3101
3105 3101
3468 3101
3469 3101
3470 3101
3103 3102
3104 3102
3105 3102
3106 3102
3341 3103
3342 3103
3345 3103
3547 3103
3106 3104
3632 3104
3933 3104
4122 3104
3106 3105
3632 3106
4031 3106
4122 3106
3108 3107
3109 3107
3109 3108
3207 3108
3208 3108
3209 3108
3210 3108
3208 3109
3210 3109
3111 3110
3112 3110
3112 3111
3115 3114
3116 3114
3116 3115
3143 3116
3118 3117
3119 3117
3120 3117
3121 3117
3119 3118
3121 3119
3121 3120
3158 3122
3125 3124
3126 3124
4143 3124
3126 3125
4143 3125
3128 3127
3129 3127
3130 3127
3131 3127
3132 3127
3129 3128
3130 3128
3736 3128
3738 3128
3130 3129
3132 3129
3736 3130
3738 3130
3132 3131
3134 3133
3135 3133
3135 3134
3543 3134
3137 3136
3138 3136
3139 3136
3139 3137
3191 3138
3192 3138
3193 3138
3780 3139
3141 3140
3962 3140
3247 3141
3144 3143
3146 3145
3221 3145
3147 3146
3932 3147
3959 3147
3996 3147
3149 3148
3150 3148
3778 3148
3150 3149
3152 3151
3153 3151
3153 3152
3154 3152
3154 3153
4055 3154
3612 3155
3157 3156
3872 3156
3922 3156
3923 3156
3329 3157
3330 3157
3751 3157
3923 3157
3159 3158
3160 3158
3160 3159
3835 3159
3836 3159
3836 3160
3162 3161
3163 3161
3163 3162
3285 3162
3401 3162
3165 3164
3969 3164
3970 3164
3970 3165
3502 3166
3168 3167
3169 3167
3170 3167
3171 3167
3169 3168
3170 3168
3171 3168
3171 3169
3504 3169
4026 3169
3171 3170
3173 3172
3174 3172
3175 3172
3175 3173
3769 3173
3935 3173
4032 3173
4151 3174
4032 3175
4093 3176
4094 3176
4098 3176
3545 3177
3634 3178
3935 3180
4084 3180
4085 3180
4086 3180
3688 3181
3183 3182
3184 3182
3185 3182
3184 3183
3898 3183
3961 3185
3189 3187
3499 3187
3500 3187
3927 3187
3954 3187
3189 3188
3191 3190
3419 3190
3494 3190
3192 3191
3193 3191
3193 3192
3660 3192
3753 3192
3754 3192
3660 3193
3195 3194
3196 3194
3197 3194
3196 3195
3355 3195
3197 3196
3355 3196
3355 3197
3421 3198
3620 3198
3621 3198
3200 3199
3968 3200
4095 3201
4062 3202
4063 3202
3204 3203
3205 3203
3205 3204
3206 3204
3282 3205
3929 3206
3930 3206
3208 3207
3209 3207
3210 3207
3209 3208
3210 3208
3210 3209
3436 3212
3437 3212
3438 3212
3786 3213
3215 3214
3219 3214
4053 3214
3216 3215
3217 3215
3218 3215
3219 3215
3217 3216
3218 3216
3218 3217
3686 3219
4053 3219
3221 3220
3222 3220
3222 3221
4069 3222
3225 3224
3680 3225
3682 3225
3227 3226
3228 3226
3230 3226
3448 3226
3449 3226
3450 3226
3451 3226
3228 3227
3229 3227
3230 3227
3230 3228
3451 3228
3305 3229
3306 3229
3700 3229
3700 3230
3232 3231
3234 3233
3235 3233
3236 3233
3237 3233
3235 3234
3237 3234
3236 3235
3237 3235
3237 3236
3239 3238
3524 3238
3523 3239
3524 3239
3525 3239
3781 3240
3882 3240
3781 3241
3511 3242
3244 3243
3919 3243
3920 3243
3919 3244
3920 3244
3246 3245
3613 3245
3697 3246
3962 3247
3249 3248
3624 3249
3268 3250
3269 3250
3252 3251
3253 3251
3253 3252
3465 3252
3256 3255
3257 3255
3899 3255
3257 3256
3258 3256
3653 3257
3900 3257
3816 3258
3272 3260
3273 3260
3285 3261
3263 3262
3264 3262
3265 3262
3266 3262
3496 3262
3264 3263
3265 3263
3266 3263
3267 3263
3265 3264
3266 3264
3496 3264
3266 3265
3267 3265
3267 3266
3628 3267
3269 3268
3271 3270
4065 3270
3273 3272
3275 3274
3276 3274
3277 3274
3277 3276
3440 3277
3279 3278
3296 3280
3649 3280
3282 3281
3789 3281
3790 3281
3285 3284
3401 3284
3490 3284
3492 3284
3401 3285
3287 3286
3722 3287
3893 3287
4039 3288
3846 3289
4012 3289
3291 3290
3292 3290
3292 3291
3294 3293
3295 3293
3296 3293
4080 3293
3295 3294
4080 3294
3296 3295
4080 3295
3625 3296
3649 3296
3298 3297
3299 3297
4002 3297
3299 3298
4002 3299
3305 3304
3306 3304
3307 3304
3308 3304
3306 3305
3700 3305
3307 3306
3308 3307
3925 3307
3925 3308
3462 3310
3463 3310
3571 3310
3312 3311
3313 3311
3313 3312
3379 3312
3380 3312
3381 3312
3380 3313
4058 3313
3315 3314
3317 3316
3318 3316
3319 3316
3320 3316
3321 3316
3318 3317
3319 3317
3321 3317
3479 3317
3724 3317
3724 3318
3491 3319
3321 3320
3599 3322
3324 3323
3326 3325
3969 3325
3970 3325
3818 3326
3969 3326
3970 3326
3328 3327
3808 3327
3330 3329
3712 3329
3751 3330
4108 3330
4109 3330
3332 3331
3333 3331
3333 3332
3402 3332
4129 3332
3402 3333
3828 3334
3338 3337
3339 3337
3656 3337
3339 3338
3461 3339
3656 3339
3341 3340
3342 3340
3343 3340
3344 3340
3345 3340
3342 3341
3343 3341
3345 3341
3344 3342
3345 3342
3344 3343
3416 3343
3417 3343
3418 3343
3345 3344
3347 3346
4128 3346
3349 3348
3350 3348
3351 3348
3352 3348
3350 3349
3351 3349
3351 3350
3352 3350
3354 3353
3985 3353
3986 3353
3987 3353
3985 3354
3976 3355
3357 3356
3365 3356
3364 3357
3365 3357
3359 3358
3360 3358
3361 3358
3362 3358
3363 3358
3360 3359
3361 3359
3397 3359
3362 3360
3397 3361
3363 3362
4114 3363
3365 3364
3939 3364
3940 3364
3939 3365
4147 3368
3370 3369
3371 3369
3372 3369
3373 3369
3371 3370
3372 3370
3699 3370
3372 3371
3699 3371
3699 3372
3761 3373
3375 3374
3376 3374
3377 3374
3378 3374
3376 3375
3378 3375
3378 3376
3378 3377
3381 3379
3381 3380
3614 3380
3448 3382
3465 3383
3385 3384
3386 3384
3387 3384
3388 3384
3389 3384
3390 3384
3386 3385
3425 3385
3387 3386
3388 3386
3389 3386
3388 3387
3389 3388
3539 3388
3602 3388
3603 3388
3390 3389
3602 3389
3603 3389
3392 3391
3393 3391
3989 3391
3393 3392
3989 3392
3396 3395
3399 3398
3400 3399
3492 3401
3403 3402
4129 3402
3404 3403
3648 3404
3406 3405
3928 3405
3928 3406
3408 3407
3816 3407
3966 3407
3409 3408
3410 3408
3411 3408
3974 3409
3975 3409
3411 3410
3966 3410
4069 3410
3414 3413
3415 3413
3416 3413
3417 3413
3418 3413
3415 3414
3462 3414
3463 3414
3464 3414
3417 3415
3418 3415
3462 3415
3464 3415
3417 3416
3418 3417
3620 3421
3621 3421
3516 3422
3424 3423
3425 3423
3426 3423
3427 3423
3425 3424
3426 3424
3917 3424
3426 3425
3917 3426
3516 3427
4038 3427
3823 3428
3431 3430
3432 3430
3433 3430
3434 3430
3432 3431
3907 3431
3433 3432
3485 3432
3434 3433
3485 3433
4028 3433
3485 3434
3548 3434
3549 3434
3831 3435
3832 3435
3437 3436
3438 3436
3438 3437
3689 3437
3824 3437
3825 3437
3692 3439
3587 3441
3708 3441
3709 3441
4037 3441
3443 3442
3725 3443
3726 3443
3445 3444
3446 3444
3447 3444
3495 3445
3657 3445
3659 3445
3447 3446
3556 3446
3449 3448
3450 3449
3451 3449
3451 3450
3999 3452
4000 3452
4001 3452
3454 3453
3669 3454
4030 3456
3635 3458
3636 3458
4067 3460
3656 3461
3463 3462
3464 3462
3571 3462
3571 3463
3571 3464
3466 3465
4078 3466
3469 3468
4029 3468
3470 3469
4029 3469
4030 3469
4031 3469
4030 3470
4031 3470
3472 3471
3920 3472
3474 3473
3477 3475
3978 3477
4054 3477
3852 3478
3975 3478
4056 3478
3481 3480
3482 3480
3482 3481
3573 3481
3574 3481
3576 3481
3911 3481
3573 3482
3911 3482
3484 3483
4034 3483
4034 3484
3580 3485
3581 3485
4028 3485
3487 3486
3488 3486
3489 3486
3988 3486
3488 3487
3489 3487
3489 3488
3491 3490
3492 3490
3492 3491
3628 3491
3938 3491
3628 3492
3494 3493
3657 3495
3875 3495
3498 3497
3499 3497
3500 3497
3501 3497
3507 3497
3499 3498
3500 3498
3501 3498
3500 3499
3501 3499
3507 3499
3936 3499
3507 3500
3954 3501
3955 3501
3845 3502
3505 3504
4026 3505
3992 3506
4047 3506
3509 3508
3837 3508
3837 3509
3513 3512
3514 3512
3515 3512
3514 3513
3515 3513
3515 3514
4038 3516
3518 3517
3519 3517
3991 3518
3999 3522
4000 3522
3524 3523
3525 3523
3525 3524
3889 3525
3527 3526
4133 3530
3588 3531
3771 3532
3534 3533
3535 3533
3535 3534
3825 3534
3537 3536
3539 3538
3541 3540
4022 3540
4140 3540
4022 3541
3543 3542
3544 3542
3545 3542
3545 3543
4072 3544
4073 3544
3745 3546
3549 3548
4027 3548
4028 3548
4027 3549
3551 3550
3552 3550
3553 3550
3554 3550
3555 3550
3552 3551
3553 3551
3941 3551
4044 3551
3553 3552
3941 3552
4044 3552
3554 3553
3555 3553
4044 3553
3555 3554
3687 3554
3557 3556
3615 3557
3788 3557
3562 3561
3563 3561
3564 3561
3564 3562
3564 3563
3577 3563
3707 3563
4005 3565
3569 3568
4025 3569
3573 3572
3910 3572
3967 3572
3574 3573
3575 3573
3576 3573
3575 3574
3576 3574
3803 3574
3805 3574
3576 3575
3802 3575
3803 3575
3805 3575
3803 3576
3578 3577
3579 3577
3579 3578
4111 3578
4141 3578
3581 3580
3894 3582
3585 3584
3586 3584
3587 3584
3586 3585
3587 3586
4037 3586
4037 3587
3589 3588
3633 3588
3711 3588
3633 3589
3634 3589
3591 3590
3592 3590
3686 3591
4097 3591
3623 3592
3676 3592
4097 3592
3595 3594
3597 3594
3706 3594
3826 3594
3827 3594
3596 3595
3597 3595
3597 3596
3793 3596
3706 3597
3601 3600
4008 3600
4009 3600
4010 3600
3603 3602
3604 3602
3605 3602
3604 3603
3605 3603
3605 3604
3993 3604
4071 3605
3607 3606
3608 3606
3609 3606
3610 3606
3608 3607
3821 3607
3822 3607
3610 3608
3653 3608
3631 3609
3630 3610
3718 3611
3719 3611
3720 3611
3721 3611
3722 3611
3723 3611
3783 3614
3616 3615
3617 3615
3618 3615
3788 3616
3870 3616
3618 3617
3979 3619
4011 3619
3621 3620
3623 3622
3624 3622
3624 3623
3676 3623
3676 3624
3626 3625
3649 3625
3938 3628
4064 3628
4122 3632
3634 3633
3711 3633
3823 3633
3636 3635
3637 3635
3638 3635
3639 3635
3638 3637
4049 3637
3639 3638
3641 3640
3642 3640
3643 3640
3930 3640
4060 3640
4061 3640
3642 3641
3643 3641
3644 3641
3643 3642
4060 3642
4061 3642
3644 3643
4061 3643
3647 3646
3946 3646
3756 3650
3757 3650
3652 3651
3821 3653
3900 3653
3655 3654
3734 3655
3735 3655
3658 3657
3659 3657
3766 3658
3874 3658
3875 3658
3662 3661
4004 3662
3666 3665
3667 3665
3690 3665
3667 3666
3690 3666
3690 3667
4059 3670
3830 3672
3674 3673
3675 3674
3987 3674
3987 3675
3776 3676
3680 3679
3681 3679
3681 3680
3682 3680
3737 3681
3849 3682
3684 3683
3824 3689
3839 3689
3881 3689
4066 3691
3694 3693
3695 3693
3696 3693
3695 3694
3696 3694
3947 3694
3948 3694
3947 3695
3948 3695
3698 3697
3715 3701
4006 3703
4007 3703
3706 3705
3826 3706
3827 3706
3709 3708
3714 3713
3723 3713
3897 3713
3952 3713
3897 3714
3717 3716
3719 3718
3720 3718
3721 3718
3768 3718
4033 3718
3720 3719
3721 3719
3722 3719
3721 3720
3768 3720
3896 3720
4033 3720
3768 3721
3897 3723
3952 3723
3726 3725
3728 3727
3729 3727
3730 3727
3760 3727
3761 3727
3842 3727
3729 3728
3730 3728
3731 3728
3731 3729
3842 3729
3760 3730
3761 3730
3797 3731
4120 3731
4134 3732
4135 3732
3735 3734
3840 3734
4022 3735
3737 3736
3738 3736
3738 3737
3740 3739
3849 3739
3879 3739
3741 3740
4012 3741
3743 3742
3744 3742
3744 3743
3776 3745
4067 3745
4071 3746
4130 3746
3748 3747
3749 3747
3750 3747
3922 3747
3923 3747
3749 3748
3750 3748
3751 3748
3750 3749
3923 3749
3751 3750
3923 3751
4123 3752
3754 3753
4143 3753
3780 3754
3757 3756
4149 3759
3842 3760
3763 3762
4118 3762
3764 3763
3765 3763
3765 3764
4003 3767
3895 3768
3896 3768
4033 3768
3770 3769
3772 3771
3779 3772
3774 3773
3775 3773
4102 3774
4016 3775
4038 3777
3882 3781
4058 3783
3785 3784
3786 3784
3786 3785
3832 3785
3888 3789
3921 3790
3792 3791
3994 3791
3994 3792
3794 3793
4106 3794
3796 3795
4120 3796
3798 3797
3803 3802
3804 3802
3805 3802
3806 3802
3807 3802
3804 3803
3805 3803
3805 3804
3806 3804
3807 3804
3950 3804
3807 3805
3807 3806
3950 3806
3950 3807
3810 3809
3813 3812
3862 3812
3862 3813
3965 3813
4104 3815
3974 3816
3818 3817
3880 3817
3819 3818
3820 3818
3820 3819
3880 3819
4089 3820
3900 3821
3825 3824
3839 3824
3839 3825
3827 3826
3831 3830
3832 3830
4140 3833
4107 3834
3836 3835
3840 3839
3841 3839
3881 3839
3841 3840
3881 3841
4068 3842
3847 3846
3848 3846
4012 3846
3848 3847
3901 3849
4056 3852
3854 3853
3977 3854
3978 3854
3856 3855
3857 3855
3858 3855
3857 3856
3858 3856
3858 3857
3860 3859
3861 3859
4024 3859
4099 3859
3861 3860
4024 3861
4025 3861
4099 3861
4100 3861
3965 3862
4145 3862
3865 3864
3898 3864
3960 3864
3961 3864
3866 3865
3898 3866
3960 3866
3961 3866
3868 3867
3869 3867
3873 3872
4045 3872
4121 3872
4045 3873
3875 3874
4050 3874
4050 3875
3878 3877
3879 3877
3879 3878
3902 3878
3902 3879
3886 3885
3887 3885
3887 3886
3949 3886
3949 3887
3890 3889
3893 3892
3896 3895
4033 3896
3952 3897
3960 3898
3961 3898
3900 3899
4074 3901
3905 3904
3906 3904
3907 3904
3907 3906
3952 3908
3957 3909
3911 3910
3913 3912
4052 3913
3915 3914
4023 3914
4023 3915
4042 3916
3939 3917
3940 3917
3920 3919
3923 3922
3925 3924
3927 3926
3936 3926
3930 3929
4060 3930
4081 3934
4032 3935
4085 3935
4086 3935
4148 3935
3954 3936
3955 3936
4019 3937
4064 3938
3940 3939
4044 3941
3943 3942
3946 3945
3947 3945
3948 3945
3948 3947
4068 3951
4072 3951
3955 3954
4017 3956
4019 3956
3996 3959
3961 3960
4059 3963
4144 3965
4145 3965
4048 3966
4069 3966
3968 3967
3970 3969
3972 3971
3973 3971
3995 3971
4070 3971
3973 3972
3995 3972
4070 3972
3995 3973
3975 3974
3978 3977
4054 3978
4125 3978
4011 3979
3981 3980
3982 3980
3983 3980
3984 3980
3982 3981
4101 3981
3983 3982
3984 3982
4101 3982
3984 3983
3986 3985
3987 3986
4047 3992
4070 3995
4128 3997
4000 3999
4001 3999
4001 4000
4006 4003
4007 4003
4065 4003
4007 4006
4103 4006
4103 4007
4009 4008
4010 4009
4014 4013
4015 4013
4016 4013
4051 4013
4015 4014
4016 4014
4016 4015
4051 4015
4018 4017
4019 4017
4019 4018
4132 4020
4142 4020
4043 4022
4025 4024
4099 4024
4096 4028
4122 4031
4085 4032
4148 4032
4036 4035
4041 4040
4136 4040
4046 4045
4125 4054
4061 4060
4063 4062
4114 4066
4130 4071
4150 4071
4139 4074
4076 4075
4077 4075
4077 4076
4083 4082
4086 4085
4148 4085
4148 4086
4090 4088
4092 4090
4092 4091
4130 4091
4094 4093
4098 4093
4099 4093
4100 4093
4098 4094
4100 4094
4099 4098
4100 4098
4100 4099
4136 4105
4137 4105
4109 4108
4111 4110
4141 4111
4152 4112
4118 4117
4121 4120
4127 4126
4150 4130
4132 4131
4142 4131
4142 4132
4135 4134
4137 4136
4138 4136
4138 4137
4146 4145